1.66E-01	1.32E-05	-2.70E+00	5.13E-01	7.08E-06	-1.14E-03	-2.08E-05	1.39E-09	electron	1
1.66E-01	2.07E-05	-2.77E+00	5.15E-01	5.04E-04	-1.83E-03	-2.08E-05	1.39E-09	electron	2
1.66E-01	8.04E-06	-2.40E+00	5.37E-01	-2.88E-05	-6.95E-04	-2.08E-05	1.38E-09	electron	3
1.66E-01	1.89E-06	-2.18E+00	5.18E-01	-3.22E-04	-1.24E-04	-2.08E-05	1.37E-09	electron	4
1.66E-01	1.45E-06	9.32E-01	4.91E-01	4.61E-04	-3.00E-04	-2.08E-05	1.37E-09	electron	5
1.66E-01	4.60E-06	7.63E-01	4.81E-01	6.87E-04	-4.56E-04	-2.08E-05	1.37E-09	electron	6
1.66E-01	8.46E-06	6.38E-01	4.77E-01	9.06E-04	-7.39E-04	-2.08E-05	1.37E-09	electron	7
1.66E-01	9.89E-06	5.94E-01	4.73E-01	9.25E-04	-8.54E-04	-2.08E-05	1.37E-09	electron	8
1.66E-01	9.66E-06	5.91E-01	4.70E-01	8.07E-04	-8.30E-04	-2.08E-05	1.37E-09	electron	9
1.66E-01	6.57E-06	6.88E-01	4.66E-01	4.76E-04	-5.65E-04	-2.08E-05	1.37E-09	electron	10
1.66E-01	6.03E-07	2.76E+00	4.50E-01	-4.51E-05	-2.18E-04	-2.08E-05	1.36E-09	electron	11
1.66E-01	7.35E-06	-2.91E+00	4.30E-01	-1.70E-04	-6.80E-04	-2.08E-05	1.36E-09	electron	12
1.66E-01	1.55E-05	-2.44E+00	4.23E-01	-2.33E-04	-1.38E-03	-2.08E-05	1.36E-09	electron	13
1.66E-01	2.08E-05	-2.56E+00	4.27E-01	1.05E-05	-1.83E-03	-2.08E-05	1.36E-09	electron	14
1.66E-01	1.86E-05	-2.79E+00	4.32E-01	-3.12E-07	-1.64E-03	-2.08E-05	1.35E-09	electron	15
1.66E-01	9.68E-06	-2.84E+00	4.34E-01	-2.53E-04	-8.64E-04	-2.08E-05	1.35E-09	electron	16
1.66E-01	1.86E-06	5.50E-01	4.37E-01	4.65E-04	-2.99E-04	-2.08E-05	1.35E-09	electron	17
1.66E-01	9.19E-06	5.79E-01	4.37E-01	6.18E-05	-8.78E-04	-2.08E-05	1.35E-09	electron	18
1.66E-01	2.95E-07	8.69E-01	4.23E-01	-3.68E-04	1.91E-06	-2.08E-05	1.34E-09	electron	19
1.66E-01	4.96E-07	2.18E+00	5.42E-01	-4.97E-05	3.37E-04	-2.08E-05	1.32E-09	electron	20
1.66E-01	5.75E-06	8.77E-01	5.84E-01	3.76E-05	-4.65E-04	-2.08E-05	1.30E-09	electron	21
1.66E-01	8.70E-06	6.03E-01	5.48E-01	2.30E-04	-7.78E-04	-2.08E-05	1.30E-09	electron	22
1.66E-01	2.80E-06	3.85E-01	5.36E-01	2.40E-04	-2.13E-04	-2.08E-05	1.30E-09	electron	23
1.66E-01	2.21E-06	-2.74E+00	5.23E-01	-2.46E-04	-2.07E-04	-2.08E-05	1.30E-09	electron	24
1.66E-01	6.33E-05	2.67E+00	5.14E-01	9.83E-04	-6.82E-03	-7.32E-04	1.39E-09	electron	25
1.66E-01	7.43E-05	-2.95E+00	5.16E-01	1.70E-03	-7.63E-03	-7.32E-04	1.39E-09	electron	26
1.66E-01	3.68E-05	2.67E+00	5.37E-01	1.27E-03	-5.34E-03	-7.32E-04	1.38E-09	electron	27
1.66E-01	5.28E-05	1.85E+00	5.20E-01	3.52E-03	-6.12E-03	-7.32E-04	1.37E-09	electron	28
1.66E-01	6.27E-05	1.66E+00	4.92E-01	4.72E-03	-6.75E-03	-7.32E-04	1.37E-09	electron	29
1.66E-01	7.73E-05	1.50E+00	4.81E-01	5.94E-03	-7.79E-03	-7.32E-04	1.37E-09	electron	30
1.66E-01	9.64E-05	1.42E+00	4.76E-01	6.90E-03	-9.29E-03	-7.32E-04	1.37E-09	electron	31
1.66E-01	1.14E-04	1.44E+00	4.73E-01	7.70E-03	-1.07E-02	-7.32E-04	1.37E-09	electron	32
1.66E-01	1.38E-04	1.51E+00	4.70E-01	8.68E-03	-1.27E-02	-7.32E-04	1.37E-09	electron	33
1.66E-01	1.63E-04	1.59E+00	4.65E-01	8.01E-03	-1.49E-02	-7.32E-04	1.37E-09	electron	34
1.66E-01	1.30E-04	1.73E+00	4.49E-01	3.45E-03	-1.21E-02	-7.32E-04	1.36E-09	electron	35
1.66E-01	7.15E-05	2.13E+00	4.30E-01	6.12E-04	-7.45E-03	-7.32E-04	1.36E-09	electron	36
1.66E-01	6.08E-05	2.98E+00	4.23E-01	-5.18E-04	-6.69E-03	-7.32E-04	1.36E-09	electron	37
1.66E-01	7.65E-05	-2.95E+00	4.27E-01	-1.03E-04	-7.82E-03	-7.32E-04	1.36E-09	electron	38
1.66E-01	6.78E-05	3.07E+00	4.31E-01	1.96E-04	-7.17E-03	-7.32E-04	1.35E-09	electron	39
1.66E-01	5.44E-05	2.39E+00	4.34E-01	2.63E-04	-6.26E-03	-7.32E-04	1.35E-09	electron	40
1.66E-01	4.14E-05	1.49E+00	4.37E-01	1.09E-04	-5.53E-03	-7.32E-04	1.35E-09	electron	41
1.66E-01	3.82E-05	-2.67E-01	4.37E-01	1.02E-03	-5.36E-03	-7.32E-04	1.35E-09	electron	42
1.66E-01	5.69E-05	-1.52E+00	4.23E-01	1.74E-04	-6.39E-03	-7.32E-04	1.34E-09	electron	43
1.66E-01	5.13E-05	-1.55E+00	5.41E-01	9.45E-04	-6.03E-03	-7.32E-04	1.32E-09	electron	44
1.66E-01	5.93E-05	-1.18E+00	5.84E-01	3.68E-03	-6.51E-03	-7.32E-04	1.30E-09	electron	45
1.66E-01	4.85E-05	8.39E-01	5.48E-01	-1.37E-04	-5.87E-03	-7.32E-04	1.30E-09	electron	46
1.66E-01	5.78E-05	1.43E+00	5.36E-01	-1.10E-04	-6.45E-03	-7.32E-04	1.30E-09	electron	47
1.66E-01	6.58E-05	1.84E+00	5.24E-01	1.40E-03	-6.99E-03	-7.32E-04	1.30E-09	electron	48
1.66E-01	1.21E-04	2.71E+00	5.15E-01	1.66E-03	-1.30E-02	-9.40E-04	1.39E-09	electron	49
1.66E-01	1.27E-04	-3.04E+00	5.17E-01	2.52E-03	-1.34E-02	-9.40E-04	1.39E-09	electron	50
1.66E-01	6.89E-05	2.64E+00	5.36E-01	2.13E-03	-1.00E-02	-9.40E-04	1.38E-09	electron	51
1.66E-01	9.27E-05	1.96E+00	5.22E-01	5.04E-03	-1.11E-02	-9.40E-04	1.37E-09	electron	52
1.66E-01	1.11E-04	1.82E+00	4.94E-01	6.65E-03	-1.22E-02	-9.40E-04	1.37E-09	electron	53
1.66E-01	1.30E-04	1.66E+00	4.81E-01	8.25E-03	-1.35E-02	-9.40E-04	1.37E-09	electron	54
1.66E-01	1.55E-04	1.55E+00	4.76E-01	9.38E-03	-1.54E-02	-9.40E-04	1.37E-09	electron	55
1.66E-01	1.78E-04	1.56E+00	4.73E-01	1.02E-02	-1.72E-02	-9.40E-04	1.37E-09	electron	56
1.66E-01	2.06E-04	1.63E+00	4.69E-01	1.11E-02	-1.95E-02	-9.40E-04	1.37E-09	electron	57
1.66E-01	2.35E-04	1.72E+00	4.63E-01	1.03E-02	-2.20E-02	-9.40E-04	1.37E-09	electron	58
1.66E-01	2.03E-04	1.88E+00	4.47E-01	4.84E-03	-1.93E-02	-9.40E-04	1.36E-09	electron	59
1.66E-01	1.33E-04	2.23E+00	4.29E-01	8.10E-04	-1.38E-02	-9.40E-04	1.36E-09	electron	60
1.66E-01	1.13E-04	2.88E+00	4.24E-01	-5.84E-04	-1.25E-02	-9.40E-04	1.36E-09	electron	61
1.66E-01	1.27E-04	-3.09E+00	4.27E-01	-1.76E-04	-1.34E-02	-9.40E-04	1.36E-09	electron	62
1.66E-01	1.17E-04	2.96E+00	4.31E-01	2.41E-04	-1.27E-02	-9.40E-04	1.35E-09	electron	63
1.66E-01	1.01E-04	2.43E+00	4.33E-01	1.08E-04	-1.16E-02	-9.40E-04	1.35E-09	electron	64
1.66E-01	6.93E-05	1.58E+00	4.36E-01	-1.27E-04	-1.00E-02	-9.40E-04	1.35E-09	electron	65
1.66E-01	8.19E-05	-1.78E-01	4.37E-01	2.53E-03	-1.05E-02	-9.40E-04	1.35E-09	electron	66
1.66E-01	1.04E-04	-1.21E+00	4.22E-01	-4.66E-04	-1.18E-02	-9.40E-04	1.34E-09	electron	67
1.66E-01	9.37E-05	-1.24E+00	5.41E-01	7.68E-04	-1.12E-02	-9.40E-04	1.32E-09	electron	68
1.66E-01	1.21E-04	-8.78E-01	5.84E-01	6.63E-03	-1.29E-02	-9.40E-04	1.30E-09	electron	69
1.66E-01	7.62E-05	8.48E-01	5.48E-01	2.11E-04	-1.03E-02	-9.40E-04	1.30E-09	electron	70
1.66E-01	9.08E-05	1.63E+00	5.35E-01	-1.00E-03	-1.10E-02	-9.40E-04	1.30E-09	electron	71
1.66E-01	1.14E-04	2.05E+00	5.24E-01	1.48E-03	-1.25E-02	-9.40E-04	1.30E-09	electron	72
1.66E-01	1.67E-04	2.50E+00	5.16E-01	2.35E-03	-1.84E-02	-1.84E-03	1.39E-09	electron	73
1.66E-01	1.66E-04	2.98E+00	5.17E-01	2.76E-03	-1.83E-02	-1.84E-03	1.39E-09	electron	74
1.66E-01	9.86E-05	2.46E+00	5.34E-01	2.79E-03	-1.47E-02	-1.84E-03	1.38E-09	electron	75
1.66E-01	1.27E-04	1.78E+00	5.27E-01	6.53E-03	-1.58E-02	-1.84E-03	1.38E-09	electron	76
1.66E-01	1.57E-04	1.71E+00	4.97E-01	7.64E-03	-1.75E-02	-1.84E-03	1.37E-09	electron	77
1.66E-01	1.91E-04	1.58E+00	4.82E-01	9.16E-03	-1.99E-02	-1.84E-03	1.37E-09	electron	78
1.66E-01	2.20E-04	1.48E+00	4.76E-01	1.01E-02	-2.21E-02	-1.84E-03	1.37E-09	electron	79
1.66E-01	2.41E-04	1.48E+00	4.72E-01	1.05E-02	-2.37E-02	-1.84E-03	1.37E-09	electron	80
1.66E-01	2.63E-04	1.53E+00	4.68E-01	1.13E-02	-2.55E-02	-1.84E-03	1.37E-09	electron	81
1.66E-01	2.86E-04	1.62E+00	4.62E-01	1.09E-02	-2.73E-02	-1.84E-03	1.37E-09	electron	82
1.66E-01	2.60E-04	1.78E+00	4.45E-01	6.14E-03	-2.53E-02	-1.84E-03	1.36E-09	electron	83
1.66E-01	1.86E-04	2.11E+00	4.28E-01	1.30E-03	-1.96E-02	-1.84E-03	1.36E-09	electron	84
1.66E-01	1.63E-04	2.64E+00	4.24E-01	-4.23E-04	-1.80E-02	-1.84E-03	1.36E-09	electron	85
1.66E-01	1.70E-04	2.88E+00	4.27E-01	3.23E-05	-1.85E-02	-1.84E-03	1.36E-09	electron	86
1.66E-01	1.59E-04	2.65E+00	4.30E-01	4.51E-04	-1.78E-02	-1.84E-03	1.35E-09	electron	87
1.66E-01	1.41E-04	2.18E+00	4.32E-01	2.48E-04	-1.67E-02	-1.84E-03	1.35E-09	electron	88
1.66E-01	1.01E-04	1.38E+00	4.35E-01	1.68E-04	-1.47E-02	-1.84E-03	1.35E-09	electron	89
1.66E-01	1.21E-04	-2.58E-01	4.36E-01	3.58E-03	-1.55E-02	-1.84E-03	1.35E-09	electron	90
1.66E-01	1.43E-04	-1.30E+00	4.22E-01	-7.24E-04	-1.68E-02	-1.84E-03	1.34E-09	electron	91
1.66E-01	1.31E-04	-1.33E+00	5.39E-01	8.45E-04	-1.60E-02	-1.84E-03	1.32E-09	electron	92
1.66E-01	1.74E-04	-9.32E-01	5.84E-01	9.06E-03	-1.88E-02	-1.84E-03	1.30E-09	electron	93
1.66E-01	1.11E-04	6.94E-01	5.48E-01	4.84E-04	-1.51E-02	-1.84E-03	1.30E-09	electron	94
1.66E-01	1.25E-04	1.47E+00	5.35E-01	-1.62E-03	-1.58E-02	-1.84E-03	1.30E-09	electron	95
1.66E-01	1.53E-04	1.87E+00	5.25E-01	1.60E-03	-1.74E-02	-1.84E-03	1.30E-09	electron	96
1.66E-01	2.07E-04	2.32E+00	5.18E-01	3.51E-03	-2.32E-02	-1.83E-03	1.39E-09	electron	97
1.66E-01	1.94E-04	2.75E+00	5.18E-01	3.44E-03	-2.24E-02	-1.83E-03	1.39E-09	electron	98
1.66E-01	1.34E-04	2.36E+00	5.32E-01	4.07E-03	-1.94E-02	-1.83E-03	1.38E-09	electron	99
1.66E-01	1.61E-04	1.69E+00	5.30E-01	7.74E-03	-2.05E-02	-1.83E-03	1.38E-09	electron	100
1.66E-01	2.03E-04	1.69E+00	5.01E-01	7.02E-03	-2.28E-02	-1.83E-03	1.37E-09	electron	101
1.66E-01	2.56E-04	1.61E+00	4.83E-01	8.77E-03	-2.66E-02	-1.83E-03	1.37E-09	electron	102
1.66E-01	2.84E-04	1.51E+00	4.76E-01	9.77E-03	-2.87E-02	-1.83E-03	1.37E-09	electron	103
1.66E-01	2.96E-04	1.50E+00	4.72E-01	1.02E-02	-2.96E-02	-1.83E-03	1.37E-09	electron	104
1.66E-01	3.07E-04	1.54E+00	4.68E-01	1.12E-02	-3.04E-02	-1.83E-03	1.37E-09	electron	105
1.66E-01	3.28E-04	1.61E+00	4.60E-01	1.17E-02	-3.21E-02	-1.83E-03	1.37E-09	electron	106
1.66E-01	3.07E-04	1.77E+00	4.43E-01	7.27E-03	-3.04E-02	-1.83E-03	1.36E-09	electron	107
1.66E-01	2.39E-04	2.09E+00	4.28E-01	2.29E-03	-2.54E-02	-1.83E-03	1.36E-09	electron	108
1.66E-01	2.19E-04	2.50E+00	4.24E-01	5.59E-04	-2.40E-02	-1.83E-03	1.36E-09	electron	109
1.66E-01	2.19E-04	2.65E+00	4.27E-01	9.82E-04	-2.40E-02	-1.83E-03	1.36E-09	electron	110
1.66E-01	2.10E-04	2.44E+00	4.29E-01	1.43E-03	-2.34E-02	-1.83E-03	1.35E-09	electron	111
1.66E-01	1.93E-04	2.03E+00	4.31E-01	1.02E-03	-2.24E-02	-1.83E-03	1.35E-09	electron	112
1.66E-01	1.39E-04	1.32E+00	4.34E-01	1.51E-04	-1.96E-02	-1.83E-03	1.35E-09	electron	113
1.66E-01	1.46E-04	-2.61E-01	4.35E-01	4.61E-03	-1.99E-02	-1.83E-03	1.35E-09	electron	114
1.66E-01	1.86E-04	-1.35E+00	4.21E-01	-8.62E-05	-2.19E-02	-1.83E-03	1.34E-09	electron	115
1.66E-01	1.67E-04	-1.38E+00	5.37E-01	1.58E-03	-2.08E-02	-1.83E-03	1.32E-09	electron	116
1.66E-01	2.16E-04	-9.62E-01	5.85E-01	1.12E-02	-2.38E-02	-1.83E-03	1.30E-09	electron	117
1.66E-01	1.45E-04	6.55E-01	5.48E-01	4.09E-04	-1.98E-02	-1.83E-03	1.30E-09	electron	118
1.66E-01	1.69E-04	1.42E+00	5.34E-01	-1.89E-03	-2.10E-02	-1.83E-03	1.30E-09	electron	119
1.66E-01	1.94E-04	1.76E+00	5.26E-01	1.98E-03	-2.24E-02	-1.83E-03	1.30E-09	electron	120
1.66E-01	2.36E-04	2.26E+00	5.20E-01	4.12E-03	-2.75E-02	-3.04E-03	1.39E-09	electron	121
1.66E-01	2.22E-04	2.64E+00	5.19E-01	3.74E-03	-2.67E-02	-3.04E-03	1.38E-09	electron	122
1.66E-01	1.65E-04	2.38E+00	5.29E-01	4.17E-03	-2.40E-02	-3.04E-03	1.38E-09	electron	123
1.66E-01	1.78E-04	1.67E+00	5.34E-01	8.41E-03	-2.44E-02	-3.04E-03	1.38E-09	electron	124
1.66E-01	2.23E-04	1.72E+00	5.06E-01	6.99E-03	-2.66E-02	-3.04E-03	1.37E-09	electron	125
1.66E-01	2.85E-04	1.71E+00	4.85E-01	8.68E-03	-3.06E-02	-3.04E-03	1.37E-09	electron	126
1.66E-01	3.16E-04	1.60E+00	4.77E-01	1.02E-02	-3.28E-02	-3.04E-03	1.37E-09	electron	127
1.66E-01	3.24E-04	1.56E+00	4.72E-01	1.09E-02	-3.34E-02	-3.04E-03	1.37E-09	electron	128
1.66E-01	3.32E-04	1.58E+00	4.67E-01	1.23E-02	-3.40E-02	-3.04E-03	1.37E-09	electron	129
1.66E-01	3.54E-04	1.65E+00	4.58E-01	1.29E-02	-3.57E-02	-3.04E-03	1.37E-09	electron	130
1.66E-01	3.31E-04	1.82E+00	4.41E-01	8.30E-03	-3.39E-02	-3.04E-03	1.36E-09	electron	131
1.66E-01	2.75E-04	2.15E+00	4.27E-01	3.09E-03	-3.00E-02	-3.04E-03	1.36E-09	electron	132
1.66E-01	2.67E-04	2.49E+00	4.25E-01	1.43E-03	-2.94E-02	-3.04E-03	1.36E-09	electron	133
1.66E-01	2.68E-04	2.56E+00	4.26E-01	1.83E-03	-2.95E-02	-3.04E-03	1.36E-09	electron	134
1.66E-01	2.58E-04	2.36E+00	4.28E-01	2.17E-03	-2.89E-02	-3.04E-03	1.35E-09	electron	135
1.66E-01	2.38E-04	1.98E+00	4.29E-01	1.67E-03	-2.76E-02	-3.04E-03	1.35E-09	electron	136
1.66E-01	1.77E-04	1.30E+00	4.32E-01	9.00E-04	-2.44E-02	-3.04E-03	1.35E-09	electron	137
1.66E-01	1.80E-04	-1.78E-01	4.34E-01	5.46E-03	-2.45E-02	-3.04E-03	1.35E-09	electron	138
1.66E-01	2.15E-04	-1.30E+00	4.21E-01	4.82E-04	-2.62E-02	-3.04E-03	1.34E-09	electron	139
1.66E-01	1.92E-04	-1.36E+00	5.34E-01	2.11E-03	-2.50E-02	-3.04E-03	1.32E-09	electron	140
1.66E-01	2.49E-04	-8.81E-01	5.85E-01	1.23E-02	-2.83E-02	-3.04E-03	1.30E-09	electron	141
1.66E-01	1.87E-04	6.28E-01	5.48E-01	1.40E-03	-2.48E-02	-3.04E-03	1.30E-09	electron	142
1.66E-01	2.04E-04	1.40E+00	5.34E-01	-1.49E-03	-2.57E-02	-3.04E-03	1.30E-09	electron	143
1.66E-01	2.22E-04	1.74E+00	5.27E-01	2.30E-03	-2.67E-02	-3.04E-03	1.30E-09	electron	144
1.66E-01	2.66E-04	2.15E+00	5.22E-01	4.77E-03	-3.18E-02	-2.73E-03	1.38E-09	electron	145
1.66E-01	2.52E-04	2.46E+00	5.21E-01	4.60E-03	-3.10E-02	-2.73E-03	1.38E-09	electron	146
1.66E-01	2.06E-04	2.34E+00	5.27E-01	4.85E-03	-2.89E-02	-2.73E-03	1.38E-09	electron	147
1.66E-01	1.99E-04	1.65E+00	5.35E-01	9.06E-03	-2.86E-02	-2.73E-03	1.38E-09	electron	148
1.66E-01	2.41E-04	1.74E+00	5.11E-01	7.23E-03	-3.04E-02	-2.73E-03	1.37E-09	electron	149
1.66E-01	3.02E-04	1.83E+00	4.87E-01	8.49E-03	-3.39E-02	-2.73E-03	1.37E-09	electron	150
1.66E-01	3.31E-04	1.73E+00	4.77E-01	1.07E-02	-3.59E-02	-2.73E-03	1.37E-09	electron	151
1.66E-01	3.37E-04	1.66E+00	4.71E-01	1.21E-02	-3.63E-02	-2.73E-03	1.37E-09	electron	152
1.66E-01	3.49E-04	1.65E+00	4.66E-01	1.39E-02	-3.71E-02	-2.73E-03	1.37E-09	electron	153
1.66E-01	3.75E-04	1.70E+00	4.56E-01	1.39E-02	-3.90E-02	-2.73E-03	1.37E-09	electron	154
1.66E-01	3.54E-04	1.86E+00	4.39E-01	9.42E-03	-3.75E-02	-2.73E-03	1.36E-09	electron	155
1.66E-01	3.16E-04	2.15E+00	4.27E-01	4.28E-03	-3.49E-02	-2.73E-03	1.36E-09	electron	156
1.66E-01	3.23E-04	2.41E+00	4.25E-01	3.09E-03	-3.54E-02	-2.73E-03	1.36E-09	electron	157
1.66E-01	3.26E-04	2.43E+00	4.26E-01	3.42E-03	-3.57E-02	-2.73E-03	1.36E-09	electron	158
1.66E-01	3.17E-04	2.24E+00	4.27E-01	3.53E-03	-3.50E-02	-2.73E-03	1.36E-09	electron	159
1.66E-01	2.91E-04	1.91E+00	4.28E-01	2.67E-03	-3.34E-02	-2.73E-03	1.35E-09	electron	160
1.66E-01	2.19E-04	1.28E+00	4.30E-01	1.43E-03	-2.94E-02	-2.73E-03	1.35E-09	electron	161
1.66E-01	2.12E-04	-1.29E-01	4.32E-01	6.62E-03	-2.91E-02	-2.73E-03	1.35E-09	electron	162
1.66E-01	2.50E-04	-1.27E+00	4.20E-01	1.44E-03	-3.09E-02	-2.73E-03	1.35E-09	electron	163
1.66E-01	2.21E-04	-1.36E+00	5.31E-01	2.75E-03	-2.95E-02	-2.73E-03	1.32E-09	electron	164
1.66E-01	2.86E-04	-8.64E-01	5.86E-01	1.36E-02	-3.30E-02	-2.73E-03	1.30E-09	electron	165
1.66E-01	2.24E-04	5.84E-01	5.48E-01	2.35E-03	-2.97E-02	-2.73E-03	1.30E-09	electron	166
1.66E-01	2.41E-04	1.38E+00	5.34E-01	-1.18E-03	-3.06E-02	-2.73E-03	1.30E-09	electron	167
1.66E-01	2.52E-04	1.70E+00	5.28E-01	2.61E-03	-3.11E-02	-2.73E-03	1.30E-09	electron	168
1.66E-01	2.87E-04	2.03E+00	5.24E-01	5.65E-03	-3.54E-02	-3.12E-03	1.38E-09	electron	169
1.66E-01	2.77E-04	2.29E+00	5.22E-01	5.86E-03	-3.49E-02	-3.12E-03	1.38E-09	electron	170
1.66E-01	2.40E-04	2.22E+00	5.27E-01	6.20E-03	-3.32E-02	-3.12E-03	1.38E-09	electron	171
1.66E-01	2.20E-04	1.64E+00	5.35E-01	9.75E-03	-3.24E-02	-3.12E-03	1.38E-09	electron	172
1.66E-01	2.53E-04	1.72E+00	5.14E-01	7.68E-03	-3.36E-02	-3.12E-03	1.37E-09	electron	173
1.66E-01	3.03E-04	1.92E+00	4.89E-01	8.22E-03	-3.63E-02	-3.12E-03	1.37E-09	electron	174
1.66E-01	3.24E-04	1.85E+00	4.77E-01	1.12E-02	-3.75E-02	-3.12E-03	1.37E-09	electron	175
1.66E-01	3.33E-04	1.74E+00	4.71E-01	1.37E-02	-3.81E-02	-3.12E-03	1.37E-09	electron	176
1.66E-01	3.55E-04	1.69E+00	4.65E-01	1.56E-02	-3.95E-02	-3.12E-03	1.37E-09	electron	177
1.66E-01	3.80E-04	1.71E+00	4.55E-01	1.46E-02	-4.12E-02	-3.12E-03	1.37E-09	electron	178
1.66E-01	3.66E-04	1.84E+00	4.39E-01	1.02E-02	-4.02E-02	-3.12E-03	1.36E-09	electron	179
1.66E-01	3.49E-04	2.09E+00	4.28E-01	5.83E-03	-3.91E-02	-3.12E-03	1.36E-09	electron	180
1.66E-01	3.69E-04	2.30E+00	4.25E-01	4.74E-03	-4.05E-02	-3.12E-03	1.36E-09	electron	181
1.66E-01	3.78E-04	2.30E+00	4.25E-01	5.01E-03	-4.11E-02	-3.12E-03	1.36E-09	electron	182
1.66E-01	3.71E-04	2.12E+00	4.26E-01	4.96E-03	-4.06E-02	-3.12E-03	1.36E-09	electron	183
1.66E-01	3.42E-04	1.83E+00	4.27E-01	3.83E-03	-3.88E-02	-3.12E-03	1.35E-09	electron	184
1.66E-01	2.61E-04	1.23E+00	4.28E-01	2.15E-03	-3.42E-02	-3.12E-03	1.35E-09	electron	185
1.66E-01	2.41E-04	-1.04E-01	4.31E-01	7.70E-03	-3.33E-02	-3.12E-03	1.35E-09	electron	186
1.66E-01	2.81E-04	-1.27E+00	4.19E-01	2.64E-03	-3.51E-02	-3.12E-03	1.35E-09	electron	187
1.66E-01	2.46E-04	-1.40E+00	5.27E-01	3.66E-03	-3.35E-02	-3.12E-03	1.32E-09	electron	188
1.66E-01	3.13E-04	-8.94E-01	5.87E-01	1.47E-02	-3.70E-02	-3.12E-03	1.30E-09	electron	189
1.66E-01	2.58E-04	5.21E-01	5.48E-01	3.33E-03	-3.41E-02	-3.12E-03	1.30E-09	electron	190
1.66E-01	2.75E-04	1.34E+00	5.34E-01	-6.45E-04	-3.49E-02	-3.12E-03	1.29E-09	electron	191
1.66E-01	2.77E-04	1.64E+00	5.30E-01	3.19E-03	-3.49E-02	-3.12E-03	1.29E-09	electron	192
1.66E-01	3.07E-04	1.93E+00	5.26E-01	6.56E-03	-3.94E-02	-4.76E-03	1.38E-09	electron	193
1.66E-01	3.04E-04	2.15E+00	5.23E-01	7.14E-03	-3.92E-02	-4.76E-03	1.38E-09	electron	194
1.66E-01	2.76E-04	2.13E+00	5.26E-01	7.59E-03	-3.79E-02	-4.76E-03	1.38E-09	electron	195
1.66E-01	2.44E-04	1.64E+00	5.35E-01	1.03E-02	-3.68E-02	-4.76E-03	1.38E-09	electron	196
1.66E-01	2.62E-04	1.69E+00	5.17E-01	8.35E-03	-3.74E-02	-4.76E-03	1.37E-09	electron	197
1.66E-01	3.01E-04	2.02E+00	4.90E-01	7.60E-03	-3.90E-02	-4.76E-03	1.37E-09	electron	198
1.66E-01	3.08E-04	2.02E+00	4.76E-01	1.10E-02	-3.94E-02	-4.76E-03	1.37E-09	electron	199
1.66E-01	3.18E-04	1.88E+00	4.70E-01	1.48E-02	-3.99E-02	-4.76E-03	1.37E-09	electron	200
1.66E-01	3.46E-04	1.75E+00	4.64E-01	1.69E-02	-4.15E-02	-4.76E-03	1.37E-09	electron	201
1.66E-01	3.75E-04	1.69E+00	4.54E-01	1.54E-02	-4.32E-02	-4.76E-03	1.37E-09	electron	202
1.66E-01	3.75E-04	1.78E+00	4.39E-01	1.12E-02	-4.32E-02	-4.76E-03	1.36E-09	electron	203
1.66E-01	3.78E-04	2.02E+00	4.28E-01	7.46E-03	-4.33E-02	-4.76E-03	1.36E-09	electron	204
1.66E-01	4.05E-04	2.21E+00	4.25E-01	6.51E-03	-4.51E-02	-4.76E-03	1.36E-09	electron	205
1.66E-01	4.17E-04	2.21E+00	4.25E-01	6.63E-03	-4.60E-02	-4.76E-03	1.36E-09	electron	206
1.66E-01	4.13E-04	2.05E+00	4.25E-01	6.37E-03	-4.57E-02	-4.76E-03	1.36E-09	electron	207
1.66E-01	3.89E-04	1.77E+00	4.25E-01	5.00E-03	-4.41E-02	-4.76E-03	1.36E-09	electron	208
1.66E-01	3.09E-04	1.20E+00	4.26E-01	3.04E-03	-3.96E-02	-4.76E-03	1.35E-09	electron	209
1.66E-01	2.75E-04	-6.84E-02	4.28E-01	8.98E-03	-3.80E-02	-4.76E-03	1.35E-09	electron	210
1.66E-01	3.16E-04	-1.26E+00	4.19E-01	4.15E-03	-3.98E-02	-4.76E-03	1.35E-09	electron	211
1.66E-01	2.76E-04	-1.44E+00	5.23E-01	4.87E-03	-3.80E-02	-4.76E-03	1.32E-09	electron	212
1.66E-01	3.43E-04	-9.27E-01	5.87E-01	1.56E-02	-4.13E-02	-4.76E-03	1.30E-09	electron	213
1.66E-01	2.98E-04	4.58E-01	5.48E-01	4.66E-03	-3.91E-02	-4.76E-03	1.30E-09	electron	214
1.66E-01	3.09E-04	1.30E+00	5.34E-01	-6.72E-05	-3.96E-02	-4.76E-03	1.29E-09	electron	215
1.66E-01	2.98E-04	1.58E+00	5.31E-01	4.02E-03	-3.90E-02	-4.76E-03	1.29E-09	electron	216
1.66E-01	3.28E-04	1.87E+00	5.27E-01	7.20E-03	-4.35E-02	-4.03E-03	1.38E-09	electron	217
1.66E-01	3.32E-04	2.07E+00	5.24E-01	7.82E-03	-4.37E-02	-4.03E-03	1.38E-09	electron	218
1.66E-01	3.09E-04	2.08E+00	5.26E-01	8.03E-03	-4.27E-02	-4.03E-03	1.38E-09	electron	219
1.66E-01	2.62E-04	1.66E+00	5.34E-01	9.91E-03	-4.12E-02	-4.03E-03	1.38E-09	electron	220
1.66E-01	2.72E-04	1.66E+00	5.17E-01	9.03E-03	-4.14E-02	-4.03E-03	1.37E-09	electron	221
1.66E-01	2.99E-04	2.06E+00	4.91E-01	6.88E-03	-4.23E-02	-4.03E-03	1.37E-09	electron	222
1.66E-01	2.99E-04	2.17E+00	4.76E-01	9.46E-03	-4.23E-02	-4.03E-03	1.37E-09	electron	223
1.66E-01	3.01E-04	2.03E+00	4.69E-01	1.37E-02	-4.24E-02	-4.03E-03	1.37E-09	electron	224
1.66E-01	3.27E-04	1.82E+00	4.63E-01	1.70E-02	-4.35E-02	-4.03E-03	1.37E-09	electron	225
1.66E-01	3.65E-04	1.65E+00	4.54E-01	1.67E-02	-4.53E-02	-4.03E-03	1.37E-09	electron	226
1.66E-01	3.84E-04	1.70E+00	4.41E-01	1.28E-02	-4.63E-02	-4.03E-03	1.36E-09	electron	227
1.66E-01	4.02E-04	1.92E+00	4.29E-01	9.19E-03	-4.74E-02	-4.03E-03	1.36E-09	electron	228
1.66E-01	4.33E-04	2.12E+00	4.25E-01	8.21E-03	-4.93E-02	-4.03E-03	1.36E-09	electron	229
1.66E-01	4.46E-04	2.14E+00	4.24E-01	8.17E-03	-5.02E-02	-4.03E-03	1.36E-09	electron	230
1.66E-01	4.43E-04	2.01E+00	4.24E-01	7.74E-03	-5.00E-02	-4.03E-03	1.36E-09	electron	231
1.66E-01	4.24E-04	1.75E+00	4.24E-01	6.19E-03	-4.88E-02	-4.03E-03	1.36E-09	electron	232
1.66E-01	3.48E-04	1.19E+00	4.24E-01	4.20E-03	-4.45E-02	-4.03E-03	1.35E-09	electron	233
1.66E-01	3.15E-04	-1.66E-02	4.26E-01	1.09E-02	-4.30E-02	-4.03E-03	1.35E-09	electron	234
1.66E-01	3.56E-04	-1.22E+00	4.18E-01	5.97E-03	-4.49E-02	-4.03E-03	1.35E-09	electron	235
1.66E-01	3.06E-04	-1.46E+00	5.17E-01	6.07E-03	-4.26E-02	-4.03E-03	1.32E-09	electron	236
1.66E-01	3.68E-04	-9.54E-01	5.88E-01	1.64E-02	-4.56E-02	-4.03E-03	1.30E-09	electron	237
1.66E-01	3.38E-04	3.92E-01	5.48E-01	6.17E-03	-4.41E-02	-4.03E-03	1.30E-09	electron	238
1.66E-01	3.37E-04	1.27E+00	5.34E-01	7.68E-04	-4.40E-02	-4.03E-03	1.29E-09	electron	239
1.66E-01	3.15E-04	1.56E+00	5.32E-01	4.79E-03	-4.30E-02	-4.03E-03	1.29E-09	electron	240
1.66E-01	3.52E-04	1.83E+00	5.27E-01	7.66E-03	-4.74E-02	-4.43E-03	1.38E-09	electron	241
1.66E-01	3.62E-04	2.02E+00	5.24E-01	7.96E-03	-4.78E-02	-4.43E-03	1.38E-09	electron	242
1.66E-01	3.40E-04	2.05E+00	5.26E-01	7.61E-03	-4.69E-02	-4.43E-03	1.38E-09	electron	243
1.66E-01	2.78E-04	1.67E+00	5.33E-01	8.84E-03	-4.51E-02	-4.43E-03	1.38E-09	electron	244
1.66E-01	2.80E-04	1.61E+00	5.17E-01	9.66E-03	-4.51E-02	-4.43E-03	1.37E-09	electron	245
1.66E-01	2.98E-04	2.01E+00	4.92E-01	6.89E-03	-4.55E-02	-4.43E-03	1.37E-09	electron	246
1.66E-01	2.99E-04	2.21E+00	4.76E-01	7.88E-03	-4.55E-02	-4.43E-03	1.37E-09	electron	247
1.66E-01	2.94E-04	2.16E+00	4.68E-01	1.10E-02	-4.54E-02	-4.43E-03	1.37E-09	electron	248
1.66E-01	3.09E-04	1.92E+00	4.63E-01	1.54E-02	-4.58E-02	-4.43E-03	1.37E-09	electron	249
1.66E-01	3.52E-04	1.65E+00	4.55E-01	1.75E-02	-4.74E-02	-4.43E-03	1.37E-09	electron	250
1.66E-01	3.87E-04	1.62E+00	4.43E-01	1.43E-02	-4.90E-02	-4.43E-03	1.36E-09	electron	251
1.66E-01	4.17E-04	1.83E+00	4.31E-01	1.04E-02	-5.06E-02	-4.43E-03	1.36E-09	electron	252
1.66E-01	4.54E-04	2.03E+00	4.26E-01	9.31E-03	-5.28E-02	-4.43E-03	1.36E-09	electron	253
1.66E-01	4.70E-04	2.07E+00	4.24E-01	9.32E-03	-5.38E-02	-4.43E-03	1.36E-09	electron	254
1.66E-01	4.68E-04	1.96E+00	4.23E-01	8.91E-03	-5.37E-02	-4.43E-03	1.36E-09	electron	255
1.66E-01	4.49E-04	1.72E+00	4.23E-01	7.35E-03	-5.25E-02	-4.43E-03	1.36E-09	electron	256
1.66E-01	3.81E-04	1.19E+00	4.23E-01	5.48E-03	-4.87E-02	-4.43E-03	1.35E-09	electron	257
1.66E-01	3.52E-04	3.05E-02	4.24E-01	1.26E-02	-4.74E-02	-4.43E-03	1.35E-09	electron	258
1.66E-01	3.92E-04	-1.18E+00	4.17E-01	7.38E-03	-4.93E-02	-4.43E-03	1.35E-09	electron	259
1.66E-01	3.32E-04	-1.49E+00	5.12E-01	6.95E-03	-4.66E-02	-4.43E-03	1.32E-09	electron	260
1.66E-01	3.90E-04	-9.80E-01	5.89E-01	1.69E-02	-4.92E-02	-4.43E-03	1.30E-09	electron	261
1.66E-01	3.71E-04	3.48E-01	5.49E-01	7.53E-03	-4.83E-02	-4.43E-03	1.29E-09	electron	262
1.66E-01	3.57E-04	1.28E+00	5.35E-01	1.33E-03	-4.76E-02	-4.43E-03	1.29E-09	electron	263
1.66E-01	3.31E-04	1.54E+00	5.32E-01	5.56E-03	-4.65E-02	-4.43E-03	1.29E-09	electron	264
1.66E-01	3.85E-04	1.78E+00	5.27E-01	8.25E-03	-5.21E-02	-6.53E-03	1.38E-09	electron	265
1.66E-01	4.01E-04	1.98E+00	5.23E-01	8.07E-03	-5.28E-02	-6.53E-03	1.38E-09	electron	266
1.66E-01	3.81E-04	2.05E+00	5.25E-01	6.80E-03	-5.19E-02	-6.53E-03	1.38E-09	electron	267
1.66E-01	2.99E-04	1.71E+00	5.32E-01	6.72E-03	-4.96E-02	-6.53E-03	1.38E-09	electron	268
1.66E-01	2.91E-04	1.56E+00	5.16E-01	1.03E-02	-4.96E-02	-6.53E-03	1.37E-09	electron	269
1.66E-01	3.01E-04	1.93E+00	4.92E-01	7.22E-03	-4.96E-02	-6.53E-03	1.37E-09	electron	270
1.66E-01	3.06E-04	2.26E+00	4.77E-01	4.72E-03	-4.96E-02	-6.53E-03	1.37E-09	electron	271
1.66E-01	3.06E-04	2.38E+00	4.68E-01	4.26E-03	-4.96E-02	-6.53E-03	1.37E-09	electron	272
1.66E-01	3.03E-04	2.22E+00	4.63E-01	7.84E-03	-4.95E-02	-6.53E-03	1.37E-09	electron	273
1.66E-01	3.26E-04	1.81E+00	4.57E-01	1.46E-02	-5.00E-02	-6.53E-03	1.37E-09	electron	274
1.66E-01	3.79E-04	1.59E+00	4.46E-01	1.53E-02	-5.19E-02	-6.53E-03	1.36E-09	electron	275
1.66E-01	4.25E-04	1.73E+00	4.34E-01	1.16E-02	-5.40E-02	-6.53E-03	1.36E-09	electron	276
1.66E-01	4.73E-04	1.93E+00	4.27E-01	1.02E-02	-5.67E-02	-6.53E-03	1.36E-09	electron	277
1.66E-01	5.00E-04	1.98E+00	4.24E-01	1.04E-02	-5.83E-02	-6.53E-03	1.36E-09	electron	278
1.66E-01	5.03E-04	1.88E+00	4.23E-01	1.02E-02	-5.85E-02	-6.53E-03	1.36E-09	electron	279
1.66E-01	4.83E-04	1.66E+00	4.22E-01	8.77E-03	-5.72E-02	-6.53E-03	1.36E-09	electron	280
1.66E-01	4.19E-04	1.17E+00	4.21E-01	7.32E-03	-5.37E-02	-6.53E-03	1.36E-09	electron	281
1.66E-01	3.98E-04	9.40E-02	4.21E-01	1.44E-02	-5.27E-02	-6.53E-03	1.35E-09	electron	282
1.66E-01	4.36E-04	-1.13E+00	4.16E-01	9.07E-03	-5.46E-02	-6.53E-03	1.35E-09	electron	283
1.66E-01	3.61E-04	-1.52E+00	5.05E-01	7.91E-03	-5.12E-02	-6.53E-03	1.32E-09	electron	284
1.66E-01	4.12E-04	-1.02E+00	5.89E-01	1.71E-02	-5.34E-02	-6.53E-03	1.30E-09	electron	285
1.66E-01	4.12E-04	2.95E-01	5.50E-01	9.27E-03	-5.34E-02	-6.53E-03	1.29E-09	electron	286
1.66E-01	3.80E-04	1.28E+00	5.35E-01	1.98E-03	-5.18E-02	-6.53E-03	1.29E-09	electron	287
1.66E-01	3.57E-04	1.54E+00	5.33E-01	6.22E-03	-5.10E-02	-6.53E-03	1.29E-09	electron	288
1.66E-01	4.24E-04	1.77E+00	5.27E-01	8.56E-03	-5.71E-02	-5.37E-03	1.38E-09	electron	289
1.66E-01	4.44E-04	1.97E+00	5.23E-01	8.03E-03	-5.80E-02	-5.37E-03	1.38E-09	electron	290
1.66E-01	4.27E-04	2.07E+00	5.24E-01	5.88E-03	-5.73E-02	-5.37E-03	1.38E-09	electron	291
1.66E-01	3.31E-04	1.80E+00	5.30E-01	4.01E-03	-5.43E-02	-5.37E-03	1.38E-09	electron	292
1.66E-01	3.05E-04	1.59E+00	5.15E-01	9.19E-03	-5.41E-02	-5.37E-03	1.37E-09	electron	293
1.66E-01	3.13E-04	1.94E+00	4.92E-01	5.06E-03	-5.41E-02	-5.37E-03	1.37E-09	electron	294
1.66E-01	3.41E-04	2.37E+00	4.78E-01	-1.02E-03	-5.44E-02	-5.37E-03	1.37E-09	electron	295
1.66E-01	3.71E-04	2.61E+00	4.70E-01	-4.21E-03	-5.51E-02	-5.37E-03	1.37E-09	electron	296
1.66E-01	3.74E-04	2.62E+00	4.63E-01	-3.51E-03	-5.52E-02	-5.37E-03	1.37E-09	electron	297
1.66E-01	3.45E-04	2.31E+00	4.57E-01	2.53E-03	-5.44E-02	-5.37E-03	1.37E-09	electron	298
1.66E-01	3.58E-04	1.79E+00	4.49E-01	1.14E-02	-5.48E-02	-5.37E-03	1.36E-09	electron	299
1.66E-01	4.22E-04	1.71E+00	4.37E-01	1.17E-02	-5.70E-02	-5.37E-03	1.36E-09	electron	300
1.66E-01	4.86E-04	1.85E+00	4.29E-01	1.07E-02	-6.02E-02	-5.37E-03	1.36E-09	electron	301
1.66E-01	5.28E-04	1.90E+00	4.25E-01	1.13E-02	-6.26E-02	-5.37E-03	1.36E-09	electron	302
1.66E-01	5.40E-04	1.81E+00	4.23E-01	1.15E-02	-6.33E-02	-5.37E-03	1.36E-09	electron	303
1.66E-01	5.26E-04	1.60E+00	4.21E-01	1.04E-02	-6.25E-02	-5.37E-03	1.36E-09	electron	304
1.66E-01	4.67E-04	1.14E+00	4.19E-01	8.74E-03	-5.92E-02	-5.37E-03	1.36E-09	electron	305
1.66E-01	4.46E-04	1.54E-01	4.18E-01	1.53E-02	-5.81E-02	-5.37E-03	1.35E-09	electron	306
1.66E-01	4.83E-04	-1.06E+00	4.14E-01	1.06E-02	-6.01E-02	-5.37E-03	1.35E-09	electron	307
1.66E-01	3.89E-04	-1.57E+00	4.95E-01	8.76E-03	-5.58E-02	-5.37E-03	1.32E-09	electron	308
1.66E-01	4.32E-04	-1.06E+00	5.89E-01	1.71E-02	-5.75E-02	-5.37E-03	1.30E-09	electron	309
1.66E-01	4.53E-04	2.39E-01	5.51E-01	1.11E-02	-5.85E-02	-5.37E-03	1.29E-09	electron	310
1.66E-01	4.09E-04	1.29E+00	5.36E-01	2.38E-03	-5.64E-02	-5.37E-03	1.29E-09	electron	311
1.66E-01	3.91E-04	1.54E+00	5.33E-01	6.50E-03	-5.58E-02	-5.37E-03	1.29E-09	electron	312
1.66E-01	4.63E-04	1.76E+00	5.27E-01	8.94E-03	-6.17E-02	-5.78E-03	1.38E-09	electron	313
1.66E-01	4.84E-04	1.97E+00	5.22E-01	8.13E-03	-6.27E-02	-5.78E-03	1.38E-09	electron	314
1.66E-01	4.73E-04	2.10E+00	5.24E-01	5.41E-03	-6.21E-02	-5.78E-03	1.38E-09	electron	315
1.66E-01	3.72E-04	1.91E+00	5.29E-01	1.57E-03	-5.85E-02	-5.78E-03	1.38E-09	electron	316
1.66E-01	3.25E-04	1.69E+00	5.14E-01	5.89E-03	-5.81E-02	-5.78E-03	1.37E-09	electron	317
1.66E-01	3.45E-04	2.06E+00	4.93E-01	3.89E-04	-5.81E-02	-5.78E-03	1.37E-09	electron	318
1.66E-01	4.09E-04	2.50E+00	4.80E-01	-6.63E-03	-5.96E-02	-5.78E-03	1.37E-09	electron	319
1.66E-01	4.75E-04	2.73E+00	4.71E-01	-9.35E-03	-6.22E-02	-5.78E-03	1.37E-09	electron	320
1.66E-01	5.02E-04	2.80E+00	4.64E-01	-9.32E-03	-6.36E-02	-5.78E-03	1.37E-09	electron	321
1.66E-01	4.68E-04	2.67E+00	4.58E-01	-6.45E-03	-6.19E-02	-5.78E-03	1.37E-09	electron	322
1.66E-01	3.92E-04	2.21E+00	4.51E-01	2.04E-03	-5.89E-02	-5.78E-03	1.37E-09	electron	323
1.66E-01	4.20E-04	1.82E+00	4.40E-01	9.38E-03	-5.99E-02	-5.78E-03	1.36E-09	electron	324
1.66E-01	4.96E-04	1.84E+00	4.31E-01	1.06E-02	-6.32E-02	-5.78E-03	1.36E-09	electron	325
1.66E-01	5.48E-04	1.87E+00	4.26E-01	1.18E-02	-6.61E-02	-5.78E-03	1.36E-09	electron	326
1.66E-01	5.69E-04	1.77E+00	4.23E-01	1.25E-02	-6.73E-02	-5.78E-03	1.36E-09	electron	327
1.66E-01	5.64E-04	1.55E+00	4.20E-01	1.19E-02	-6.70E-02	-5.78E-03	1.36E-09	electron	328
1.66E-01	5.11E-04	1.12E+00	4.18E-01	9.99E-03	-6.41E-02	-5.78E-03	1.36E-09	electron	329
1.66E-01	4.85E-04	2.03E-01	4.16E-01	1.54E-02	-6.27E-02	-5.78E-03	1.35E-09	electron	330
1.66E-01	5.22E-04	-1.02E+00	4.13E-01	1.18E-02	-6.47E-02	-5.78E-03	1.35E-09	electron	331
1.66E-01	4.13E-04	-1.62E+00	4.86E-01	9.55E-03	-5.98E-02	-5.78E-03	1.33E-09	electron	332
1.66E-01	4.47E-04	-1.10E+00	5.89E-01	1.66E-02	-6.10E-02	-5.78E-03	1.30E-09	electron	333
1.66E-01	4.89E-04	1.89E-01	5.52E-01	1.26E-02	-6.29E-02	-5.78E-03	1.29E-09	electron	334
1.66E-01	4.43E-04	1.27E+00	5.36E-01	2.95E-03	-6.08E-02	-5.78E-03	1.29E-09	electron	335
1.66E-01	4.29E-04	1.55E+00	5.33E-01	6.60E-03	-6.02E-02	-5.78E-03	1.29E-09	electron	336
1.66E-01	5.08E-04	1.76E+00	5.26E-01	9.21E-03	-6.69E-02	-8.35E-03	1.38E-09	electron	337
1.66E-01	5.31E-04	1.98E+00	5.22E-01	7.97E-03	-6.80E-02	-8.35E-03	1.38E-09	electron	338
1.66E-01	5.33E-04	2.14E+00	5.24E-01	4.94E-03	-6.81E-02	-8.35E-03	1.38E-09	electron	339
1.66E-01	4.36E-04	2.05E+00	5.27E-01	-6.21E-04	-6.40E-02	-8.35E-03	1.38E-09	electron	340
1.66E-01	3.71E-04	1.90E+00	5.13E-01	1.82E-04	-6.26E-02	-8.35E-03	1.37E-09	electron	341
1.66E-01	4.19E-04	2.23E+00	4.94E-01	-5.54E-03	-6.36E-02	-8.35E-03	1.37E-09	electron	342
1.66E-01	5.34E-04	2.60E+00	4.81E-01	-1.01E-02	-6.82E-02	-8.35E-03	1.37E-09	electron	343
1.66E-01	6.27E-04	2.78E+00	4.72E-01	-9.85E-03	-7.34E-02	-8.35E-03	1.37E-09	electron	344
1.66E-01	6.72E-04	2.85E+00	4.66E-01	-8.60E-03	-7.62E-02	-8.35E-03	1.37E-09	electron	345
1.66E-01	6.67E-04	2.83E+00	4.60E-01	-7.46E-03	-7.59E-02	-8.35E-03	1.37E-09	electron	346
1.66E-01	5.50E-04	2.60E+00	4.52E-01	-4.74E-03	-6.90E-02	-8.35E-03	1.37E-09	electron	347
1.66E-01	4.59E-04	2.11E+00	4.43E-01	3.62E-03	-6.48E-02	-8.35E-03	1.36E-09	electron	348
1.66E-01	5.05E-04	1.91E+00	4.33E-01	9.16E-03	-6.67E-02	-8.35E-03	1.36E-09	electron	349
1.66E-01	5.60E-04	1.86E+00	4.27E-01	1.18E-02	-6.95E-02	-8.35E-03	1.36E-09	electron	350
1.66E-01	5.92E-04	1.73E+00	4.23E-01	1.34E-02	-7.13E-02	-8.35E-03	1.36E-09	electron	351
1.66E-01	6.01E-04	1.50E+00	4.19E-01	1.35E-02	-7.19E-02	-8.35E-03	1.36E-09	electron	352
1.66E-01	5.67E-04	1.09E+00	4.16E-01	1.19E-02	-6.99E-02	-8.35E-03	1.36E-09	electron	353
1.66E-01	5.32E-04	2.53E-01	4.14E-01	1.52E-02	-6.81E-02	-8.35E-03	1.36E-09	electron	354
1.66E-01	5.60E-04	-9.84E-01	4.11E-01	1.32E-02	-6.95E-02	-8.35E-03	1.35E-09	electron	355
1.66E-01	4.42E-04	-1.69E+00	4.73E-01	1.12E-02	-6.43E-02	-8.35E-03	1.33E-09	electron	356
1.66E-01	4.56E-04	-1.17E+00	5.88E-01	1.57E-02	-6.48E-02	-8.35E-03	1.30E-09	electron	357
1.66E-01	5.35E-04	1.19E-01	5.53E-01	1.39E-02	-6.82E-02	-8.35E-03	1.29E-09	electron	358
1.66E-01	4.85E-04	1.22E+00	5.37E-01	4.17E-03	-6.58E-02	-8.35E-03	1.29E-09	electron	359
1.66E-01	4.74E-04	1.54E+00	5.32E-01	7.04E-03	-6.54E-02	-8.35E-03	1.29E-09	electron	360
1.66E-01	5.64E-04	1.77E+00	5.26E-01	9.28E-03	-7.28E-02	-6.75E-03	1.38E-09	electron	361
1.66E-01	5.88E-04	2.00E+00	5.21E-01	8.02E-03	-7.40E-02	-6.75E-03	1.38E-09	electron	362
1.66E-01	6.09E-04	2.19E+00	5.23E-01	5.52E-03	-7.52E-02	-6.75E-03	1.38E-09	electron	363
1.66E-01	5.27E-04	2.14E+00	5.25E-01	-6.23E-04	-7.11E-02	-6.75E-03	1.38E-09	electron	364
1.66E-01	4.57E-04	2.05E+00	5.12E-01	-3.29E-03	-6.85E-02	-6.75E-03	1.37E-09	electron	365
1.66E-01	5.31E-04	2.31E+00	4.94E-01	-7.45E-03	-7.13E-02	-6.75E-03	1.37E-09	electron	366
1.66E-01	6.74E-04	2.58E+00	4.80E-01	-7.32E-03	-7.89E-02	-6.75E-03	1.37E-09	electron	367
1.66E-01	7.59E-04	2.70E+00	4.72E-01	-4.65E-03	-8.45E-02	-6.75E-03	1.37E-09	electron	368
1.66E-01	7.85E-04	2.76E+00	4.66E-01	-3.48E-03	-8.63E-02	-6.75E-03	1.37E-09	electron	369
1.66E-01	7.90E-04	2.78E+00	4.61E-01	-2.82E-03	-8.66E-02	-6.75E-03	1.37E-09	electron	370
1.66E-01	7.18E-04	2.68E+00	4.54E-01	-2.71E-03	-8.17E-02	-6.75E-03	1.37E-09	electron	371
1.66E-01	5.70E-04	2.35E+00	4.45E-01	6.95E-04	-7.31E-02	-6.75E-03	1.36E-09	electron	372
1.66E-01	5.41E-04	2.03E+00	4.36E-01	7.20E-03	-7.16E-02	-6.75E-03	1.36E-09	electron	373
1.66E-01	5.79E-04	1.89E+00	4.29E-01	1.14E-02	-7.35E-02	-6.75E-03	1.36E-09	electron	374
1.66E-01	6.15E-04	1.72E+00	4.24E-01	1.40E-02	-7.55E-02	-6.75E-03	1.36E-09	electron	375
1.66E-01	6.38E-04	1.47E+00	4.19E-01	1.49E-02	-7.68E-02	-6.75E-03	1.36E-09	electron	376
1.66E-01	6.20E-04	1.06E+00	4.14E-01	1.38E-02	-7.58E-02	-6.75E-03	1.36E-09	electron	377
1.66E-01	5.85E-04	2.93E-01	4.11E-01	1.55E-02	-7.39E-02	-6.75E-03	1.36E-09	electron	378
1.66E-01	6.04E-04	-9.40E-01	4.09E-01	1.47E-02	-7.50E-02	-6.75E-03	1.35E-09	electron	379
1.66E-01	4.78E-04	-1.76E+00	4.58E-01	1.26E-02	-6.92E-02	-6.75E-03	1.33E-09	electron	380
1.66E-01	4.69E-04	-1.25E+00	5.87E-01	1.48E-02	-6.90E-02	-6.75E-03	1.30E-09	electron	381
1.66E-01	5.80E-04	3.39E-02	5.55E-01	1.53E-02	-7.36E-02	-6.75E-03	1.29E-09	electron	382
1.66E-01	5.33E-04	1.17E+00	5.37E-01	5.32E-03	-7.14E-02	-6.75E-03	1.29E-09	electron	383
1.66E-01	5.30E-04	1.54E+00	5.32E-01	7.28E-03	-7.12E-02	-6.75E-03	1.29E-09	electron	384
1.66E-01	6.16E-04	1.78E+00	5.25E-01	9.53E-03	-7.81E-02	-7.18E-03	1.38E-09	electron	385
1.66E-01	6.43E-04	2.02E+00	5.21E-01	8.56E-03	-7.95E-02	-7.18E-03	1.38E-09	electron	386
1.66E-01	6.76E-04	2.21E+00	5.22E-01	7.14E-03	-8.14E-02	-7.18E-03	1.38E-09	electron	387
1.66E-01	6.01E-04	2.16E+00	5.23E-01	1.37E-03	-7.73E-02	-7.18E-03	1.38E-09	electron	388
1.66E-01	5.36E-04	2.08E+00	5.11E-01	-2.63E-03	-7.44E-02	-7.18E-03	1.37E-09	electron	389
1.66E-01	6.20E-04	2.27E+00	4.93E-01	-4.94E-03	-7.83E-02	-7.18E-03	1.37E-09	electron	390
1.66E-01	7.61E-04	2.47E+00	4.79E-01	-2.21E-03	-8.66E-02	-7.18E-03	1.37E-09	electron	391
1.66E-01	8.31E-04	2.56E+00	4.71E-01	1.08E-03	-9.14E-02	-7.18E-03	1.37E-09	electron	392
1.66E-01	8.33E-04	2.59E+00	4.66E-01	1.44E-03	-9.16E-02	-7.18E-03	1.37E-09	electron	393
1.66E-01	8.19E-04	2.62E+00	4.61E-01	8.68E-04	-9.06E-02	-7.18E-03	1.37E-09	electron	394
1.66E-01	7.88E-04	2.62E+00	4.56E-01	8.10E-04	-8.84E-02	-7.18E-03	1.37E-09	electron	395
1.66E-01	6.78E-04	2.44E+00	4.47E-01	2.04E-03	-8.15E-02	-7.18E-03	1.37E-09	electron	396
1.66E-01	6.01E-04	2.15E+00	4.38E-01	6.47E-03	-7.73E-02	-7.18E-03	1.36E-09	electron	397
1.66E-01	6.05E-04	1.94E+00	4.30E-01	1.09E-02	-7.76E-02	-7.18E-03	1.36E-09	electron	398
1.66E-01	6.35E-04	1.73E+00	4.25E-01	1.42E-02	-7.91E-02	-7.18E-03	1.36E-09	electron	399
1.66E-01	6.64E-04	1.45E+00	4.19E-01	1.58E-02	-8.07E-02	-7.18E-03	1.36E-09	electron	400
1.66E-01	6.63E-04	1.04E+00	4.14E-01	1.55E-02	-8.06E-02	-7.18E-03	1.36E-09	electron	401
1.66E-01	6.36E-04	3.16E-01	4.09E-01	1.64E-02	-7.92E-02	-7.18E-03	1.36E-09	electron	402
1.66E-01	6.42E-04	-8.98E-01	4.07E-01	1.58E-02	-7.95E-02	-7.18E-03	1.35E-09	electron	403
1.66E-01	5.09E-04	-1.81E+00	4.46E-01	1.31E-02	-7.35E-02	-7.18E-03	1.33E-09	electron	404
1.66E-01	4.81E-04	-1.31E+00	5.85E-01	1.39E-02	-7.26E-02	-7.18E-03	1.30E-09	electron	405
1.66E-01	6.20E-04	-4.70E-02	5.56E-01	1.66E-02	-7.82E-02	-7.18E-03	1.29E-09	electron	406
1.66E-01	5.73E-04	1.11E+00	5.38E-01	6.52E-03	-7.60E-02	-7.18E-03	1.29E-09	electron	407
1.66E-01	5.82E-04	1.54E+00	5.32E-01	7.56E-03	-7.64E-02	-7.18E-03	1.29E-09	electron	408
1.66E-01	6.83E-04	1.77E+00	5.25E-01	1.08E-02	-8.47E-02	-1.03E-02	1.38E-09	electron	409
1.66E-01	7.09E-04	2.01E+00	5.21E-01	1.02E-02	-8.61E-02	-1.03E-02	1.38E-09	electron	410
1.66E-01	7.41E-04	2.19E+00	5.21E-01	9.57E-03	-8.80E-02	-1.03E-02	1.38E-09	electron	411
1.66E-01	6.66E-04	2.12E+00	5.21E-01	4.87E-03	-8.37E-02	-1.03E-02	1.38E-09	electron	412
1.66E-01	6.14E-04	2.02E+00	5.09E-01	1.51E-03	-8.11E-02	-1.03E-02	1.37E-09	electron	413
1.66E-01	7.14E-04	2.18E+00	4.91E-01	1.04E-03	-8.64E-02	-1.03E-02	1.37E-09	electron	414
1.66E-01	8.67E-04	2.36E+00	4.77E-01	6.45E-03	-9.63E-02	-1.03E-02	1.37E-09	electron	415
1.66E-01	9.33E-04	2.44E+00	4.69E-01	1.06E-02	-1.01E-01	-1.03E-02	1.37E-09	electron	416
1.66E-01	9.24E-04	2.46E+00	4.64E-01	1.05E-02	-1.00E-01	-1.03E-02	1.37E-09	electron	417
1.66E-01	8.80E-04	2.46E+00	4.61E-01	7.98E-03	-9.72E-02	-1.03E-02	1.37E-09	electron	418
1.66E-01	8.27E-04	2.46E+00	4.56E-01	5.72E-03	-9.35E-02	-1.03E-02	1.37E-09	electron	419
1.66E-01	7.70E-04	2.42E+00	4.49E-01	5.66E-03	-8.98E-02	-1.03E-02	1.37E-09	electron	420
1.66E-01	6.92E-04	2.25E+00	4.40E-01	7.41E-03	-8.52E-02	-1.03E-02	1.36E-09	electron	421
1.66E-01	6.51E-04	2.01E+00	4.32E-01	1.06E-02	-8.30E-02	-1.03E-02	1.36E-09	electron	422
1.66E-01	6.62E-04	1.74E+00	4.26E-01	1.45E-02	-8.36E-02	-1.03E-02	1.36E-09	electron	423
1.66E-01	6.97E-04	1.43E+00	4.20E-01	1.69E-02	-8.55E-02	-1.03E-02	1.36E-09	electron	424
1.66E-01	7.12E-04	1.01E+00	4.13E-01	1.74E-02	-8.63E-02	-1.03E-02	1.36E-09	electron	425
1.66E-01	7.03E-04	3.36E-01	4.06E-01	1.79E-02	-8.58E-02	-1.03E-02	1.36E-09	electron	426
1.66E-01	6.86E-04	-8.40E-01	4.05E-01	1.70E-02	-8.48E-02	-1.03E-02	1.35E-09	electron	427
1.66E-01	5.48E-04	-1.87E+00	4.31E-01	1.30E-02	-7.84E-02	-1.03E-02	1.34E-09	electron	428
1.66E-01	4.97E-04	-1.40E+00	5.81E-01	1.29E-02	-7.69E-02	-1.03E-02	1.31E-09	electron	429
1.66E-01	6.65E-04	-1.55E-01	5.58E-01	1.81E-02	-8.37E-02	-1.03E-02	1.29E-09	electron	430
1.66E-01	6.25E-04	1.03E+00	5.39E-01	8.20E-03	-8.17E-02	-1.03E-02	1.29E-09	electron	431
1.66E-01	6.48E-04	1.51E+00	5.31E-01	8.64E-03	-8.28E-02	-1.03E-02	1.29E-09	electron	432
1.66E-01	7.46E-04	1.73E+00	5.24E-01	1.27E-02	-9.10E-02	-8.21E-03	1.38E-09	electron	433
1.66E-01	7.67E-04	1.97E+00	5.21E-01	1.29E-02	-9.22E-02	-8.21E-03	1.38E-09	electron	434
1.66E-01	7.89E-04	2.14E+00	5.20E-01	1.26E-02	-9.36E-02	-8.21E-03	1.38E-09	electron	435
1.66E-01	7.14E-04	2.04E+00	5.19E-01	9.03E-03	-8.92E-02	-8.21E-03	1.38E-09	electron	436
1.66E-01	6.86E-04	1.93E+00	5.08E-01	7.15E-03	-8.77E-02	-8.21E-03	1.37E-09	electron	437
1.66E-01	7.95E-04	2.10E+00	4.89E-01	8.09E-03	-9.39E-02	-8.21E-03	1.37E-09	electron	438
1.66E-01	9.13E-04	2.28E+00	4.75E-01	1.29E-02	-1.02E-01	-8.21E-03	1.37E-09	electron	439
1.66E-01	9.47E-04	2.36E+00	4.68E-01	1.56E-02	-1.04E-01	-8.21E-03	1.37E-09	electron	440
1.66E-01	9.43E-04	2.37E+00	4.64E-01	1.60E-02	-1.04E-01	-8.21E-03	1.37E-09	electron	441
1.66E-01	9.24E-04	2.36E+00	4.60E-01	1.47E-02	-1.02E-01	-8.21E-03	1.37E-09	electron	442
1.66E-01	8.82E-04	2.33E+00	4.56E-01	1.18E-02	-9.96E-02	-8.21E-03	1.37E-09	electron	443
1.66E-01	8.38E-04	2.33E+00	4.51E-01	1.03E-02	-9.66E-02	-8.21E-03	1.37E-09	electron	444
1.66E-01	7.80E-04	2.27E+00	4.42E-01	1.02E-02	-9.30E-02	-8.21E-03	1.36E-09	electron	445
1.66E-01	7.17E-04	2.07E+00	4.34E-01	1.15E-02	-8.94E-02	-8.21E-03	1.36E-09	electron	446
1.66E-01	7.01E-04	1.77E+00	4.27E-01	1.49E-02	-8.86E-02	-8.21E-03	1.36E-09	electron	447
1.66E-01	7.34E-04	1.42E+00	4.21E-01	1.80E-02	-9.04E-02	-8.21E-03	1.36E-09	electron	448
1.66E-01	7.61E-04	9.83E-01	4.13E-01	1.90E-02	-9.19E-02	-8.21E-03	1.36E-09	electron	449
1.66E-01	7.70E-04	3.43E-01	4.04E-01	1.95E-02	-9.25E-02	-8.21E-03	1.36E-09	electron	450
1.66E-01	7.33E-04	-7.78E-01	4.02E-01	1.82E-02	-9.03E-02	-8.21E-03	1.36E-09	electron	451
1.66E-01	5.88E-04	-1.93E+00	4.18E-01	1.29E-02	-8.34E-02	-8.21E-03	1.34E-09	electron	452
1.66E-01	5.19E-04	-1.49E+00	5.75E-01	1.25E-02	-8.14E-02	-8.21E-03	1.31E-09	electron	453
1.66E-01	7.09E-04	-2.80E-01	5.61E-01	1.98E-02	-8.89E-02	-8.21E-03	1.29E-09	electron	454
1.66E-01	6.76E-04	9.27E-01	5.40E-01	1.01E-02	-8.72E-02	-8.21E-03	1.29E-09	electron	455
1.66E-01	7.09E-04	1.46E+00	5.31E-01	1.02E-02	-8.90E-02	-8.21E-03	1.29E-09	electron	456
1.66E-01	8.04E-04	1.69E+00	5.24E-01	1.51E-02	-9.69E-02	-8.67E-03	1.38E-09	electron	457
1.66E-01	8.17E-04	1.92E+00	5.20E-01	1.65E-02	-9.76E-02	-8.67E-03	1.38E-09	electron	458
1.66E-01	8.21E-04	2.06E+00	5.19E-01	1.66E-02	-9.78E-02	-8.67E-03	1.38E-09	electron	459
1.66E-01	7.55E-04	1.96E+00	5.18E-01	1.43E-02	-9.40E-02	-8.67E-03	1.38E-09	electron	460
1.66E-01	7.49E-04	1.87E+00	5.07E-01	1.31E-02	-9.37E-02	-8.67E-03	1.37E-09	electron	461
1.66E-01	8.37E-04	2.03E+00	4.88E-01	1.31E-02	-9.88E-02	-8.67E-03	1.37E-09	electron	462
1.66E-01	9.19E-04	2.19E+00	4.75E-01	1.55E-02	-1.04E-01	-8.67E-03	1.37E-09	electron	463
1.66E-01	9.48E-04	2.27E+00	4.68E-01	1.72E-02	-1.06E-01	-8.67E-03	1.37E-09	electron	464
1.66E-01	9.48E-04	2.30E+00	4.64E-01	1.77E-02	-1.06E-01	-8.67E-03	1.37E-09	electron	465
1.66E-01	9.38E-04	2.29E+00	4.60E-01	1.69E-02	-1.05E-01	-8.67E-03	1.37E-09	electron	466
1.66E-01	9.18E-04	2.27E+00	4.57E-01	1.55E-02	-1.04E-01	-8.67E-03	1.37E-09	electron	467
1.66E-01	8.88E-04	2.26E+00	4.51E-01	1.46E-02	-1.02E-01	-8.67E-03	1.37E-09	electron	468
1.66E-01	8.48E-04	2.23E+00	4.44E-01	1.41E-02	-9.95E-02	-8.67E-03	1.36E-09	electron	469
1.66E-01	7.90E-04	2.10E+00	4.36E-01	1.38E-02	-9.60E-02	-8.67E-03	1.36E-09	electron	470
1.66E-01	7.61E-04	1.81E+00	4.29E-01	1.59E-02	-9.44E-02	-8.67E-03	1.36E-09	electron	471
1.66E-01	7.80E-04	1.44E+00	4.22E-01	1.85E-02	-9.55E-02	-8.67E-03	1.36E-09	electron	472
1.66E-01	7.98E-04	9.86E-01	4.14E-01	1.96E-02	-9.66E-02	-8.67E-03	1.36E-09	electron	473
1.66E-01	8.23E-04	3.35E-01	4.04E-01	2.11E-02	-9.80E-02	-8.67E-03	1.36E-09	electron	474
1.66E-01	7.90E-04	-7.21E-01	3.98E-01	1.95E-02	-9.60E-02	-8.67E-03	1.36E-09	electron	475
1.66E-01	6.24E-04	-1.96E+00	4.09E-01	1.25E-02	-8.79E-02	-8.67E-03	1.34E-09	electron	476
1.66E-01	5.46E-04	-1.57E+00	5.69E-01	1.17E-02	-8.55E-02	-8.67E-03	1.31E-09	electron	477
1.66E-01	7.52E-04	-4.10E-01	5.63E-01	2.22E-02	-9.38E-02	-8.67E-03	1.29E-09	electron	478
1.66E-01	7.16E-04	8.31E-01	5.40E-01	1.16E-02	-9.19E-02	-8.67E-03	1.29E-09	electron	479
1.66E-01	7.68E-04	1.42E+00	5.30E-01	1.14E-02	-9.47E-02	-8.67E-03	1.29E-09	electron	480
1.66E-01	8.58E-04	1.64E+00	5.23E-01	1.78E-02	-1.03E-01	-9.13E-03	1.38E-09	electron	481
1.66E-01	8.62E-04	1.87E+00	5.20E-01	2.05E-02	-1.03E-01	-9.13E-03	1.38E-09	electron	482
1.66E-01	8.51E-04	2.01E+00	5.18E-01	2.06E-02	-1.02E-01	-9.13E-03	1.38E-09	electron	483
1.66E-01	7.99E-04	1.93E+00	5.16E-01	1.89E-02	-9.90E-02	-9.13E-03	1.38E-09	electron	484
1.66E-01	7.90E-04	1.82E+00	5.06E-01	1.74E-02	-9.85E-02	-9.13E-03	1.37E-09	electron	485
1.66E-01	8.49E-04	1.94E+00	4.88E-01	1.53E-02	-1.02E-01	-9.13E-03	1.37E-09	electron	486
1.66E-01	9.19E-04	2.10E+00	4.75E-01	1.51E-02	-1.06E-01	-9.13E-03	1.37E-09	electron	487
1.66E-01	9.61E-04	2.19E+00	4.68E-01	1.63E-02	-1.09E-01	-9.13E-03	1.37E-09	electron	488
1.66E-01	9.69E-04	2.22E+00	4.64E-01	1.66E-02	-1.10E-01	-9.13E-03	1.37E-09	electron	489
1.66E-01	9.64E-04	2.23E+00	4.60E-01	1.66E-02	-1.09E-01	-9.13E-03	1.37E-09	electron	490
1.66E-01	9.52E-04	2.24E+00	4.56E-01	1.68E-02	-1.09E-01	-9.13E-03	1.37E-09	electron	491
1.66E-01	9.33E-04	2.24E+00	4.52E-01	1.74E-02	-1.07E-01	-9.13E-03	1.37E-09	electron	492
1.66E-01	9.05E-04	2.23E+00	4.45E-01	1.72E-02	-1.05E-01	-9.13E-03	1.36E-09	electron	493
1.66E-01	8.62E-04	2.11E+00	4.37E-01	1.67E-02	-1.03E-01	-9.13E-03	1.36E-09	electron	494
1.66E-01	8.32E-04	1.85E+00	4.31E-01	1.77E-02	-1.01E-01	-9.13E-03	1.36E-09	electron	495
1.66E-01	8.42E-04	1.49E+00	4.24E-01	1.94E-02	-1.02E-01	-9.13E-03	1.36E-09	electron	496
1.66E-01	8.44E-04	1.01E+00	4.16E-01	1.98E-02	-1.02E-01	-9.13E-03	1.36E-09	electron	497
1.66E-01	8.70E-04	3.33E-01	4.04E-01	2.24E-02	-1.03E-01	-9.13E-03	1.36E-09	electron	498
1.66E-01	8.61E-04	-6.61E-01	3.94E-01	2.10E-02	-1.03E-01	-9.13E-03	1.36E-09	electron	499
1.66E-01	6.61E-04	-1.99E+00	4.01E-01	1.20E-02	-9.24E-02	-9.13E-03	1.35E-09	electron	500
1.66E-01	5.76E-04	-1.65E+00	5.62E-01	1.10E-02	-8.97E-02	-9.13E-03	1.31E-09	electron	501
1.66E-01	8.00E-04	-5.50E-01	5.66E-01	2.47E-02	-9.90E-02	-9.13E-03	1.29E-09	electron	502
1.66E-01	7.55E-04	7.20E-01	5.41E-01	1.34E-02	-9.66E-02	-9.13E-03	1.29E-09	electron	503
1.66E-01	8.21E-04	1.37E+00	5.30E-01	1.28E-02	-1.00E-01	-9.13E-03	1.29E-09	electron	504
1.66E-01	9.13E-04	1.60E+00	5.22E-01	2.04E-02	-1.08E-01	-1.29E-02	1.38E-09	electron	505
1.66E-01	9.12E-04	1.83E+00	5.19E-01	2.36E-02	-1.08E-01	-1.29E-02	1.38E-09	electron	506
1.66E-01	8.89E-04	1.99E+00	5.17E-01	2.37E-02	-1.07E-01	-1.29E-02	1.38E-09	electron	507
1.66E-01	8.42E-04	1.96E+00	5.14E-01	2.19E-02	-1.04E-01	-1.29E-02	1.38E-09	electron	508
1.66E-01	8.06E-04	1.81E+00	5.06E-01	1.88E-02	-1.02E-01	-1.29E-02	1.37E-09	electron	509
1.66E-01	8.38E-04	1.84E+00	4.90E-01	1.51E-02	-1.04E-01	-1.29E-02	1.37E-09	electron	510
1.66E-01	9.07E-04	1.97E+00	4.77E-01	1.45E-02	-1.08E-01	-1.29E-02	1.37E-09	electron	511
1.66E-01	9.46E-04	2.03E+00	4.69E-01	1.56E-02	-1.11E-01	-1.29E-02	1.37E-09	electron	512
1.66E-01	9.57E-04	2.08E+00	4.65E-01	1.61E-02	-1.11E-01	-1.29E-02	1.37E-09	electron	513
1.66E-01	9.67E-04	2.13E+00	4.61E-01	1.64E-02	-1.12E-01	-1.29E-02	1.37E-09	electron	514
1.66E-01	9.81E-04	2.20E+00	4.57E-01	1.72E-02	-1.13E-01	-1.29E-02	1.37E-09	electron	515
1.66E-01	9.76E-04	2.27E+00	4.52E-01	1.80E-02	-1.13E-01	-1.29E-02	1.37E-09	electron	516
1.66E-01	9.48E-04	2.25E+00	4.46E-01	1.90E-02	-1.11E-01	-1.29E-02	1.37E-09	electron	517
1.66E-01	9.24E-04	2.13E+00	4.39E-01	1.97E-02	-1.09E-01	-1.29E-02	1.36E-09	electron	518
1.66E-01	9.10E-04	1.88E+00	4.33E-01	2.03E-02	-1.08E-01	-1.29E-02	1.36E-09	electron	519
1.66E-01	9.17E-04	1.53E+00	4.26E-01	2.09E-02	-1.09E-01	-1.29E-02	1.36E-09	electron	520
1.66E-01	9.03E-04	1.07E+00	4.18E-01	2.00E-02	-1.08E-01	-1.29E-02	1.36E-09	electron	521
1.66E-01	9.15E-04	3.50E-01	4.06E-01	2.33E-02	-1.09E-01	-1.29E-02	1.36E-09	electron	522
1.66E-01	9.54E-04	-5.97E-01	3.91E-01	2.28E-02	-1.11E-01	-1.29E-02	1.36E-09	electron	523
1.66E-01	7.06E-04	-1.98E+00	3.95E-01	1.10E-02	-9.75E-02	-1.29E-02	1.35E-09	electron	524
1.66E-01	6.09E-04	-1.74E+00	5.54E-01	1.01E-02	-9.43E-02	-1.29E-02	1.31E-09	electron	525
1.66E-01	8.55E-04	-7.01E-01	5.69E-01	2.73E-02	-1.05E-01	-1.29E-02	1.29E-09	electron	526
1.66E-01	7.97E-04	5.89E-01	5.42E-01	1.60E-02	-1.02E-01	-1.29E-02	1.29E-09	electron	527
1.66E-01	8.72E-04	1.31E+00	5.29E-01	1.42E-02	-1.06E-01	-1.29E-02	1.29E-09	electron	528
1.66E-01	9.72E-04	1.56E+00	5.21E-01	2.22E-02	-1.15E-01	-1.02E-02	1.38E-09	electron	529
1.66E-01	9.69E-04	1.79E+00	5.17E-01	2.63E-02	-1.15E-01	-1.02E-02	1.38E-09	electron	530
1.66E-01	9.29E-04	1.96E+00	5.15E-01	2.66E-02	-1.12E-01	-1.02E-02	1.38E-09	electron	531
1.66E-01	8.85E-04	2.01E+00	5.12E-01	2.45E-02	-1.10E-01	-1.02E-02	1.38E-09	electron	532
1.66E-01	8.34E-04	1.88E+00	5.07E-01	2.09E-02	-1.07E-01	-1.02E-02	1.37E-09	electron	533
1.66E-01	8.20E-04	1.76E+00	4.94E-01	1.80E-02	-1.06E-01	-1.02E-02	1.37E-09	electron	534
1.66E-01	8.46E-04	1.79E+00	4.81E-01	1.62E-02	-1.08E-01	-1.02E-02	1.37E-09	electron	535
1.66E-01	8.78E-04	1.90E+00	4.73E-01	1.55E-02	-1.09E-01	-1.02E-02	1.37E-09	electron	536
1.66E-01	9.07E-04	2.03E+00	4.67E-01	1.54E-02	-1.11E-01	-1.02E-02	1.37E-09	electron	537
1.66E-01	9.44E-04	2.14E+00	4.62E-01	1.60E-02	-1.13E-01	-1.02E-02	1.37E-09	electron	538
1.66E-01	9.85E-04	2.24E+00	4.58E-01	1.74E-02	-1.16E-01	-1.02E-02	1.37E-09	electron	539
1.66E-01	1.00E-03	2.31E+00	4.53E-01	1.86E-02	-1.17E-01	-1.02E-02	1.37E-09	electron	540
1.66E-01	9.83E-04	2.28E+00	4.47E-01	2.01E-02	-1.16E-01	-1.02E-02	1.37E-09	electron	541
1.66E-01	9.81E-04	2.13E+00	4.42E-01	2.22E-02	-1.15E-01	-1.02E-02	1.36E-09	electron	542
1.66E-01	1.00E-03	1.90E+00	4.36E-01	2.37E-02	-1.17E-01	-1.02E-02	1.36E-09	electron	543
1.66E-01	1.02E-03	1.58E+00	4.30E-01	2.32E-02	-1.18E-01	-1.02E-02	1.36E-09	electron	544
1.66E-01	9.81E-04	1.14E+00	4.21E-01	2.05E-02	-1.15E-01	-1.02E-02	1.36E-09	electron	545
1.66E-01	9.59E-04	3.94E-01	4.09E-01	2.37E-02	-1.14E-01	-1.02E-02	1.36E-09	electron	546
1.66E-01	1.07E-03	-5.49E-01	3.88E-01	2.53E-02	-1.21E-01	-1.02E-02	1.36E-09	electron	547
1.66E-01	7.67E-04	-1.93E+00	3.91E-01	9.14E-03	-1.04E-01	-1.02E-02	1.35E-09	electron	548
1.66E-01	6.47E-04	-1.84E+00	5.43E-01	8.90E-03	-9.95E-02	-1.02E-02	1.31E-09	electron	549
1.66E-01	9.15E-04	-8.68E-01	5.72E-01	2.96E-02	-1.12E-01	-1.02E-02	1.29E-09	electron	550
1.66E-01	8.45E-04	4.39E-01	5.44E-01	1.92E-02	-1.08E-01	-1.02E-02	1.29E-09	electron	551
1.66E-01	9.19E-04	1.24E+00	5.28E-01	1.55E-02	-1.12E-01	-1.02E-02	1.29E-09	electron	552
1.66E-01	1.01E-03	1.50E+00	5.19E-01	2.35E-02	-1.19E-01	-1.07E-02	1.38E-09	electron	553
1.66E-01	1.00E-03	1.74E+00	5.15E-01	2.81E-02	-1.19E-01	-1.07E-02	1.38E-09	electron	554
1.66E-01	9.61E-04	1.93E+00	5.13E-01	2.85E-02	-1.16E-01	-1.07E-02	1.38E-09	electron	555
1.66E-01	9.19E-04	2.03E+00	5.11E-01	2.67E-02	-1.14E-01	-1.07E-02	1.38E-09	electron	556
1.66E-01	8.70E-04	1.99E+00	5.07E-01	2.32E-02	-1.11E-01	-1.07E-02	1.38E-09	electron	557
1.66E-01	8.46E-04	1.88E+00	4.96E-01	1.97E-02	-1.10E-01	-1.07E-02	1.37E-09	electron	558
1.66E-01	8.79E-04	1.95E+00	4.83E-01	1.67E-02	-1.12E-01	-1.07E-02	1.37E-09	electron	559
1.66E-01	9.44E-04	2.13E+00	4.74E-01	1.60E-02	-1.15E-01	-1.07E-02	1.37E-09	electron	560
1.66E-01	1.01E-03	2.27E+00	4.68E-01	1.75E-02	-1.19E-01	-1.07E-02	1.37E-09	electron	561
1.66E-01	1.05E-03	2.35E+00	4.63E-01	1.90E-02	-1.22E-01	-1.07E-02	1.37E-09	electron	562
1.66E-01	1.06E-03	2.40E+00	4.59E-01	1.98E-02	-1.23E-01	-1.07E-02	1.37E-09	electron	563
1.66E-01	1.04E-03	2.39E+00	4.54E-01	2.04E-02	-1.22E-01	-1.07E-02	1.37E-09	electron	564
1.66E-01	1.02E-03	2.29E+00	4.49E-01	2.22E-02	-1.20E-01	-1.07E-02	1.37E-09	electron	565
1.66E-01	1.03E-03	2.11E+00	4.43E-01	2.48E-02	-1.21E-01	-1.07E-02	1.36E-09	electron	566
1.66E-01	1.07E-03	1.89E+00	4.39E-01	2.61E-02	-1.23E-01	-1.07E-02	1.36E-09	electron	567
1.66E-01	1.10E-03	1.60E+00	4.33E-01	2.54E-02	-1.26E-01	-1.07E-02	1.36E-09	electron	568
1.66E-01	1.05E-03	1.17E+00	4.24E-01	2.15E-02	-1.22E-01	-1.07E-02	1.36E-09	electron	569
1.66E-01	1.00E-03	4.43E-01	4.12E-01	2.37E-02	-1.19E-01	-1.07E-02	1.37E-09	electron	570
1.66E-01	1.15E-03	-5.19E-01	3.88E-01	2.72E-02	-1.29E-01	-1.07E-02	1.36E-09	electron	571
1.66E-01	8.27E-04	-1.88E+00	3.87E-01	8.45E-03	-1.09E-01	-1.07E-02	1.35E-09	electron	572
1.66E-01	6.69E-04	-1.93E+00	5.33E-01	8.26E-03	-1.03E-01	-1.07E-02	1.32E-09	electron	573
1.66E-01	9.51E-04	-1.00E+00	5.76E-01	3.05E-02	-1.16E-01	-1.07E-02	1.29E-09	electron	574
1.66E-01	8.90E-04	3.16E-01	5.44E-01	2.19E-02	-1.12E-01	-1.07E-02	1.29E-09	electron	575
1.66E-01	9.48E-04	1.16E+00	5.27E-01	1.66E-02	-1.16E-01	-1.07E-02	1.29E-09	electron	576
1.66E-01	1.05E-03	1.44E+00	5.16E-01	2.45E-02	-1.24E-01	-1.51E-02	1.38E-09	electron	577
1.66E-01	1.05E-03	1.68E+00	5.12E-01	3.00E-02	-1.24E-01	-1.51E-02	1.38E-09	electron	578
1.66E-01	1.01E-03	1.89E+00	5.10E-01	3.14E-02	-1.22E-01	-1.51E-02	1.38E-09	electron	579
1.66E-01	9.71E-04	2.02E+00	5.09E-01	3.04E-02	-1.20E-01	-1.51E-02	1.38E-09	electron	580
1.66E-01	9.25E-04	2.08E+00	5.05E-01	2.74E-02	-1.17E-01	-1.51E-02	1.38E-09	electron	581
1.66E-01	9.12E-04	2.10E+00	4.96E-01	2.26E-02	-1.17E-01	-1.51E-02	1.37E-09	electron	582
1.66E-01	9.77E-04	2.20E+00	4.83E-01	2.02E-02	-1.20E-01	-1.51E-02	1.37E-09	electron	583
1.66E-01	1.08E-03	2.36E+00	4.73E-01	2.21E-02	-1.27E-01	-1.51E-02	1.37E-09	electron	584
1.66E-01	1.15E-03	2.48E+00	4.67E-01	2.43E-02	-1.31E-01	-1.51E-02	1.37E-09	electron	585
1.66E-01	1.17E-03	2.53E+00	4.62E-01	2.48E-02	-1.32E-01	-1.51E-02	1.37E-09	electron	586
1.66E-01	1.14E-03	2.54E+00	4.59E-01	2.43E-02	-1.31E-01	-1.51E-02	1.37E-09	electron	587
1.66E-01	1.11E-03	2.47E+00	4.55E-01	2.44E-02	-1.28E-01	-1.51E-02	1.37E-09	electron	588
1.66E-01	1.09E-03	2.32E+00	4.50E-01	2.63E-02	-1.27E-01	-1.51E-02	1.37E-09	electron	589
1.66E-01	1.11E-03	2.10E+00	4.46E-01	2.91E-02	-1.29E-01	-1.51E-02	1.37E-09	electron	590
1.66E-01	1.17E-03	1.87E+00	4.42E-01	3.07E-02	-1.33E-01	-1.51E-02	1.37E-09	electron	591
1.66E-01	1.22E-03	1.61E+00	4.36E-01	2.93E-02	-1.36E-01	-1.51E-02	1.37E-09	electron	592
1.66E-01	1.16E-03	1.21E+00	4.27E-01	2.35E-02	-1.32E-01	-1.51E-02	1.37E-09	electron	593
1.66E-01	1.07E-03	5.03E-01	4.16E-01	2.43E-02	-1.26E-01	-1.51E-02	1.37E-09	electron	594
1.66E-01	1.24E-03	-4.81E-01	3.90E-01	2.98E-02	-1.38E-01	-1.51E-02	1.37E-09	electron	595
1.66E-01	9.11E-04	-1.78E+00	3.81E-01	8.66E-03	-1.17E-01	-1.51E-02	1.36E-09	electron	596
1.66E-01	6.82E-04	-2.05E+00	5.18E-01	7.26E-03	-1.08E-01	-1.51E-02	1.32E-09	electron	597
1.66E-01	9.86E-04	-1.15E+00	5.81E-01	2.98E-02	-1.21E-01	-1.51E-02	1.29E-09	electron	598
1.66E-01	9.56E-04	1.59E-01	5.45E-01	2.62E-02	-1.19E-01	-1.51E-02	1.29E-09	electron	599
1.66E-01	9.72E-04	1.05E+00	5.27E-01	1.83E-02	-1.20E-01	-1.51E-02	1.29E-09	electron	600
1.66E-01	1.07E-03	1.38E+00	5.14E-01	2.54E-02	-1.29E-01	-1.20E-02	1.38E-09	electron	601
1.66E-01	1.08E-03	1.65E+00	5.09E-01	3.06E-02	-1.29E-01	-1.20E-02	1.38E-09	electron	602
1.66E-01	1.06E-03	1.87E+00	5.07E-01	3.24E-02	-1.28E-01	-1.20E-02	1.38E-09	electron	603
1.66E-01	1.03E-03	2.02E+00	5.06E-01	3.26E-02	-1.26E-01	-1.20E-02	1.38E-09	electron	604
1.66E-01	9.93E-04	2.13E+00	5.02E-01	3.09E-02	-1.24E-01	-1.20E-02	1.38E-09	electron	605
1.66E-01	9.78E-04	2.20E+00	4.94E-01	2.74E-02	-1.23E-01	-1.20E-02	1.37E-09	electron	606
1.66E-01	1.02E-03	2.29E+00	4.83E-01	2.56E-02	-1.26E-01	-1.20E-02	1.37E-09	electron	607
1.66E-01	1.10E-03	2.42E+00	4.73E-01	2.67E-02	-1.30E-01	-1.20E-02	1.37E-09	electron	608
1.66E-01	1.15E-03	2.51E+00	4.67E-01	2.81E-02	-1.34E-01	-1.20E-02	1.37E-09	electron	609
1.66E-01	1.17E-03	2.56E+00	4.63E-01	2.84E-02	-1.35E-01	-1.20E-02	1.37E-09	electron	610
1.66E-01	1.16E-03	2.55E+00	4.60E-01	2.85E-02	-1.34E-01	-1.20E-02	1.37E-09	electron	611
1.66E-01	1.15E-03	2.48E+00	4.56E-01	2.91E-02	-1.34E-01	-1.20E-02	1.37E-09	electron	612
1.66E-01	1.16E-03	2.34E+00	4.52E-01	3.05E-02	-1.34E-01	-1.20E-02	1.37E-09	electron	613
1.66E-01	1.19E-03	2.12E+00	4.47E-01	3.23E-02	-1.36E-01	-1.20E-02	1.37E-09	electron	614
1.66E-01	1.24E-03	1.87E+00	4.43E-01	3.45E-02	-1.40E-01	-1.20E-02	1.37E-09	electron	615
1.66E-01	1.31E-03	1.60E+00	4.38E-01	3.43E-02	-1.45E-01	-1.20E-02	1.37E-09	electron	616
1.66E-01	1.27E-03	1.22E+00	4.29E-01	2.74E-02	-1.42E-01	-1.20E-02	1.37E-09	electron	617
1.66E-01	1.17E-03	5.43E-01	4.18E-01	2.62E-02	-1.35E-01	-1.20E-02	1.37E-09	electron	618
1.66E-01	1.31E-03	-4.15E-01	3.94E-01	3.15E-02	-1.45E-01	-1.20E-02	1.37E-09	electron	619
1.66E-01	9.96E-04	-1.67E+00	3.75E-01	1.01E-02	-1.24E-01	-1.20E-02	1.36E-09	electron	620
1.66E-01	6.83E-04	-2.18E+00	4.99E-01	8.40E-03	-1.12E-01	-1.20E-02	1.32E-09	electron	621
1.66E-01	9.88E-04	-1.28E+00	5.86E-01	2.68E-02	-1.24E-01	-1.20E-02	1.30E-09	electron	622
1.66E-01	1.03E-03	1.69E-02	5.46E-01	3.04E-02	-1.26E-01	-1.20E-02	1.29E-09	electron	623
1.66E-01	9.97E-04	9.15E-01	5.26E-01	2.13E-02	-1.24E-01	-1.20E-02	1.29E-09	electron	624
1.66E-01	1.09E-03	1.29E+00	5.12E-01	2.62E-02	-1.32E-01	-1.25E-02	1.37E-09	electron	625
1.66E-01	1.11E-03	1.61E+00	5.06E-01	3.09E-02	-1.33E-01	-1.25E-02	1.37E-09	electron	626
1.66E-01	1.10E-03	1.83E+00	5.04E-01	3.33E-02	-1.33E-01	-1.25E-02	1.38E-09	electron	627
1.66E-01	1.09E-03	2.00E+00	5.03E-01	3.43E-02	-1.32E-01	-1.25E-02	1.38E-09	electron	628
1.66E-01	1.06E-03	2.13E+00	4.99E-01	3.38E-02	-1.30E-01	-1.25E-02	1.38E-09	electron	629
1.66E-01	1.04E-03	2.25E+00	4.92E-01	3.12E-02	-1.29E-01	-1.25E-02	1.37E-09	electron	630
1.66E-01	1.07E-03	2.38E+00	4.82E-01	2.92E-02	-1.31E-01	-1.25E-02	1.37E-09	electron	631
1.66E-01	1.14E-03	2.51E+00	4.73E-01	2.99E-02	-1.35E-01	-1.25E-02	1.37E-09	electron	632
1.66E-01	1.20E-03	2.60E+00	4.68E-01	3.10E-02	-1.39E-01	-1.25E-02	1.37E-09	electron	633
1.66E-01	1.21E-03	2.63E+00	4.64E-01	3.11E-02	-1.40E-01	-1.25E-02	1.37E-09	electron	634
1.66E-01	1.20E-03	2.60E+00	4.61E-01	3.10E-02	-1.39E-01	-1.25E-02	1.37E-09	electron	635
1.66E-01	1.20E-03	2.50E+00	4.57E-01	3.20E-02	-1.39E-01	-1.25E-02	1.37E-09	electron	636
1.66E-01	1.22E-03	2.34E+00	4.53E-01	3.37E-02	-1.41E-01	-1.25E-02	1.37E-09	electron	637
1.66E-01	1.26E-03	2.13E+00	4.48E-01	3.53E-02	-1.43E-01	-1.25E-02	1.37E-09	electron	638
1.66E-01	1.31E-03	1.86E+00	4.44E-01	3.76E-02	-1.46E-01	-1.25E-02	1.37E-09	electron	639
1.66E-01	1.37E-03	1.56E+00	4.40E-01	3.88E-02	-1.51E-01	-1.25E-02	1.37E-09	electron	640
1.66E-01	1.37E-03	1.20E+00	4.32E-01	3.29E-02	-1.51E-01	-1.25E-02	1.37E-09	electron	641
1.66E-01	1.28E-03	5.41E-01	4.20E-01	2.94E-02	-1.44E-01	-1.25E-02	1.37E-09	electron	642
1.66E-01	1.40E-03	-3.54E-01	3.97E-01	3.29E-02	-1.53E-01	-1.25E-02	1.37E-09	electron	643
1.66E-01	1.08E-03	-1.56E+00	3.70E-01	1.03E-02	-1.31E-01	-1.25E-02	1.36E-09	electron	644
1.66E-01	6.84E-04	-2.32E+00	4.77E-01	1.06E-02	-1.16E-01	-1.25E-02	1.33E-09	electron	645
1.66E-01	9.74E-04	-1.39E+00	5.90E-01	2.21E-02	-1.26E-01	-1.25E-02	1.30E-09	electron	646
1.66E-01	1.12E-03	-1.23E-01	5.47E-01	3.42E-02	-1.34E-01	-1.25E-02	1.29E-09	electron	647
1.66E-01	1.03E-03	7.58E-01	5.26E-01	2.51E-02	-1.28E-01	-1.25E-02	1.29E-09	electron	648
1.66E-01	1.10E-03	1.15E+00	5.10E-01	2.78E-02	-1.36E-01	-1.79E-02	1.37E-09	electron	649
1.66E-01	1.15E-03	1.54E+00	5.02E-01	3.11E-02	-1.38E-01	-1.79E-02	1.37E-09	electron	650
1.66E-01	1.16E-03	1.80E+00	4.99E-01	3.33E-02	-1.39E-01	-1.79E-02	1.37E-09	electron	651
1.66E-01	1.16E-03	1.97E+00	4.98E-01	3.50E-02	-1.39E-01	-1.79E-02	1.38E-09	electron	652
1.66E-01	1.14E-03	2.11E+00	4.95E-01	3.59E-02	-1.38E-01	-1.79E-02	1.37E-09	electron	653
1.66E-01	1.12E-03	2.27E+00	4.88E-01	3.42E-02	-1.37E-01	-1.79E-02	1.37E-09	electron	654
1.66E-01	1.15E-03	2.46E+00	4.80E-01	3.21E-02	-1.38E-01	-1.79E-02	1.37E-09	electron	655
1.66E-01	1.20E-03	2.58E+00	4.73E-01	3.22E-02	-1.42E-01	-1.79E-02	1.37E-09	electron	656
1.66E-01	1.25E-03	2.64E+00	4.69E-01	3.29E-02	-1.45E-01	-1.79E-02	1.37E-09	electron	657
1.66E-01	1.27E-03	2.65E+00	4.65E-01	3.31E-02	-1.46E-01	-1.79E-02	1.37E-09	electron	658
1.66E-01	1.27E-03	2.61E+00	4.62E-01	3.33E-02	-1.46E-01	-1.79E-02	1.37E-09	electron	659
1.66E-01	1.27E-03	2.49E+00	4.58E-01	3.41E-02	-1.46E-01	-1.79E-02	1.37E-09	electron	660
1.66E-01	1.29E-03	2.32E+00	4.54E-01	3.58E-02	-1.48E-01	-1.79E-02	1.37E-09	electron	661
1.66E-01	1.32E-03	2.11E+00	4.49E-01	3.75E-02	-1.50E-01	-1.79E-02	1.37E-09	electron	662
1.66E-01	1.35E-03	1.83E+00	4.46E-01	3.98E-02	-1.52E-01	-1.79E-02	1.37E-09	electron	663
1.66E-01	1.39E-03	1.48E+00	4.43E-01	4.22E-02	-1.54E-01	-1.79E-02	1.37E-09	electron	664
1.66E-01	1.44E-03	1.11E+00	4.35E-01	4.02E-02	-1.58E-01	-1.79E-02	1.37E-09	electron	665
1.66E-01	1.42E-03	4.91E-01	4.21E-01	3.48E-02	-1.57E-01	-1.79E-02	1.37E-09	electron	666
1.66E-01	1.51E-03	-3.11E-01	3.99E-01	3.37E-02	-1.64E-01	-1.79E-02	1.37E-09	electron	667
1.66E-01	1.17E-03	-1.47E+00	3.65E-01	9.40E-03	-1.40E-01	-1.79E-02	1.36E-09	electron	668
1.66E-01	6.97E-04	-2.52E+00	4.48E-01	1.49E-02	-1.20E-01	-1.79E-02	1.33E-09	electron	669
1.66E-01	9.39E-04	-1.53E+00	5.94E-01	1.53E-02	-1.27E-01	-1.79E-02	1.30E-09	electron	670
1.66E-01	1.23E-03	-2.85E-01	5.48E-01	3.69E-02	-1.44E-01	-1.79E-02	1.29E-09	electron	671
1.66E-01	1.08E-03	5.55E-01	5.25E-01	3.05E-02	-1.34E-01	-1.79E-02	1.29E-09	electron	672
1.66E-01	1.11E-03	9.20E-01	5.08E-01	3.00E-02	-1.39E-01	-1.45E-02	1.37E-09	electron	673
1.66E-01	1.19E-03	1.43E+00	4.97E-01	3.04E-02	-1.44E-01	-1.45E-02	1.37E-09	electron	674
1.66E-01	1.24E-03	1.72E+00	4.93E-01	3.29E-02	-1.47E-01	-1.45E-02	1.37E-09	electron	675
1.66E-01	1.25E-03	1.89E+00	4.92E-01	3.49E-02	-1.48E-01	-1.45E-02	1.37E-09	electron	676
1.66E-01	1.26E-03	2.03E+00	4.89E-01	3.68E-02	-1.48E-01	-1.45E-02	1.37E-09	electron	677
1.66E-01	1.26E-03	2.19E+00	4.83E-01	3.74E-02	-1.48E-01	-1.45E-02	1.37E-09	electron	678
1.66E-01	1.27E-03	2.36E+00	4.77E-01	3.65E-02	-1.49E-01	-1.45E-02	1.37E-09	electron	679
1.66E-01	1.29E-03	2.48E+00	4.72E-01	3.59E-02	-1.50E-01	-1.45E-02	1.37E-09	electron	680
1.66E-01	1.31E-03	2.52E+00	4.69E-01	3.55E-02	-1.52E-01	-1.45E-02	1.37E-09	electron	681
1.66E-01	1.32E-03	2.51E+00	4.67E-01	3.54E-02	-1.52E-01	-1.45E-02	1.37E-09	electron	682
1.66E-01	1.34E-03	2.46E+00	4.64E-01	3.55E-02	-1.53E-01	-1.45E-02	1.37E-09	electron	683
1.66E-01	1.35E-03	2.37E+00	4.60E-01	3.59E-02	-1.54E-01	-1.45E-02	1.37E-09	electron	684
1.66E-01	1.36E-03	2.21E+00	4.56E-01	3.66E-02	-1.55E-01	-1.45E-02	1.37E-09	electron	685
1.66E-01	1.36E-03	1.99E+00	4.52E-01	3.80E-02	-1.55E-01	-1.45E-02	1.37E-09	electron	686
1.66E-01	1.37E-03	1.70E+00	4.49E-01	4.07E-02	-1.56E-01	-1.45E-02	1.37E-09	electron	687
1.66E-01	1.37E-03	1.31E+00	4.48E-01	4.39E-02	-1.56E-01	-1.45E-02	1.37E-09	electron	688
1.66E-01	1.44E-03	8.80E-01	4.41E-01	4.66E-02	-1.61E-01	-1.45E-02	1.37E-09	electron	689
1.66E-01	1.57E-03	3.43E-01	4.23E-01	4.19E-02	-1.70E-01	-1.45E-02	1.37E-09	electron	690
1.66E-01	1.66E-03	-3.55E-01	4.00E-01	3.32E-02	-1.77E-01	-1.45E-02	1.37E-09	electron	691
1.66E-01	1.31E-03	-1.41E+00	3.61E-01	9.11E-03	-1.52E-01	-1.45E-02	1.37E-09	electron	692
1.66E-01	7.36E-04	-2.81E+00	4.15E-01	2.16E-02	-1.25E-01	-1.45E-02	1.34E-09	electron	693
1.66E-01	8.90E-04	-1.73E+00	5.94E-01	5.97E-03	-1.29E-01	-1.45E-02	1.30E-09	electron	694
1.66E-01	1.34E-03	-5.33E-01	5.50E-01	3.82E-02	-1.54E-01	-1.45E-02	1.29E-09	electron	695
1.66E-01	1.15E-03	2.51E-01	5.24E-01	3.75E-02	-1.41E-01	-1.45E-02	1.29E-09	electron	696
1.66E-01	1.11E-03	4.81E-01	5.07E-01	3.31E-02	-1.42E-01	-2.21E-02	1.37E-09	electron	697
1.66E-01	1.22E-03	1.18E+00	4.94E-01	2.83E-02	-1.49E-01	-2.21E-02	1.37E-09	electron	698
1.66E-01	1.34E-03	1.52E+00	4.88E-01	3.13E-02	-1.56E-01	-2.21E-02	1.37E-09	electron	699
1.66E-01	1.38E-03	1.69E+00	4.86E-01	3.36E-02	-1.59E-01	-2.21E-02	1.37E-09	electron	700
1.66E-01	1.40E-03	1.81E+00	4.83E-01	3.65E-02	-1.60E-01	-2.21E-02	1.37E-09	electron	701
1.66E-01	1.42E-03	1.93E+00	4.78E-01	3.95E-02	-1.61E-01	-2.21E-02	1.37E-09	electron	702
1.66E-01	1.42E-03	2.06E+00	4.73E-01	4.03E-02	-1.61E-01	-2.21E-02	1.37E-09	electron	703
1.66E-01	1.41E-03	2.16E+00	4.70E-01	3.97E-02	-1.61E-01	-2.21E-02	1.37E-09	electron	704
1.66E-01	1.40E-03	2.20E+00	4.69E-01	3.88E-02	-1.60E-01	-2.21E-02	1.37E-09	electron	705
1.66E-01	1.39E-03	2.19E+00	4.69E-01	3.79E-02	-1.59E-01	-2.21E-02	1.37E-09	electron	706
1.66E-01	1.38E-03	2.15E+00	4.68E-01	3.72E-02	-1.59E-01	-2.21E-02	1.37E-09	electron	707
1.66E-01	1.40E-03	2.08E+00	4.64E-01	3.69E-02	-1.60E-01	-2.21E-02	1.37E-09	electron	708
1.66E-01	1.40E-03	1.96E+00	4.60E-01	3.67E-02	-1.60E-01	-2.21E-02	1.37E-09	electron	709
1.66E-01	1.39E-03	1.76E+00	4.56E-01	3.75E-02	-1.60E-01	-2.21E-02	1.37E-09	electron	710
1.66E-01	1.37E-03	1.45E+00	4.53E-01	4.02E-02	-1.58E-01	-2.21E-02	1.37E-09	electron	711
1.66E-01	1.35E-03	1.01E+00	4.53E-01	4.47E-02	-1.57E-01	-2.21E-02	1.37E-09	electron	712
1.66E-01	1.40E-03	5.00E-01	4.51E-01	5.02E-02	-1.60E-01	-2.21E-02	1.37E-09	electron	713
1.66E-01	1.65E-03	2.87E-02	4.28E-01	5.01E-02	-1.79E-01	-2.21E-02	1.37E-09	electron	714
1.66E-01	1.82E-03	-5.65E-01	4.01E-01	3.26E-02	-1.92E-01	-2.21E-02	1.37E-09	electron	715
1.66E-01	1.54E-03	-1.44E+00	3.60E-01	8.36E-03	-1.70E-01	-2.21E-02	1.37E-09	electron	716
1.66E-01	7.91E-04	3.11E+00	3.84E-01	2.73E-02	-1.30E-01	-2.21E-02	1.35E-09	electron	717
1.66E-01	8.29E-04	-2.07E+00	5.86E-01	-5.64E-03	-1.31E-01	-2.21E-02	1.30E-09	electron	718
1.66E-01	1.46E-03	-9.57E-01	5.55E-01	3.79E-02	-1.64E-01	-2.21E-02	1.29E-09	electron	719
1.66E-01	1.24E-03	-2.46E-01	5.24E-01	4.70E-02	-1.49E-01	-2.21E-02	1.29E-09	electron	720
