   1.8075000E-01   8.5484256E-06   3.1266222E+00   3.8005943E-01   1.4105245E-04   5.9409623E-04  -2.08259E-05   1.52018E-09  electron            1
   1.8075000E-01   5.6295913E-05   3.0593383E+00   3.5121956E-01   1.7612419E-03   4.2281694E-03  -2.08259E-05   1.52285E-09  electron            2
   1.8075000E-01   4.7325515E-06  -2.9221637E+00   2.6154899E-01  -1.3004758E-04   2.3162643E-04  -2.08259E-05   1.52772E-09  electron            3
   1.8075000E-01   4.8017736E-06   2.8562116E-01   2.5814348E-01   1.8485502E-04   3.4136115E-04  -2.08259E-05   1.52137E-09  electron            4
   1.8075000E-01   6.9392680E-06   1.5149635E-01   2.3559099E-01   7.7212511E-06   5.0508705E-04  -2.08259E-05   1.53105E-09  electron            5
   1.8075000E-01   1.0358501E-05  -2.7177270E-01   2.3269071E-01  -1.2955374E-04   7.1796671E-04  -2.08259E-05   1.52996E-09  electron            6
   1.8075000E-01   1.0513742E-05   9.8316928E-02   2.3886577E-01  -1.0542651E-04   7.1275831E-04  -2.08259E-05   1.52514E-09  electron            7
   1.8075000E-01   8.8665275E-06   1.4671565E-02   2.4368279E-01  -6.3943206E-05   5.9301609E-04  -2.08259E-05   1.52272E-09  electron            8
   1.8075000E-01   5.1098022E-06  -7.1627854E-01   2.6106530E-01  -1.5420677E-05   3.3359428E-04  -2.08259E-05   1.51663E-09  electron            9
   1.8075000E-01   2.6806185E-06   4.0084805E-01   2.8259753E-01   1.5566189E-04   1.4895263E-04  -2.08259E-05   1.50779E-09  electron           10
   1.8075000E-01   5.7872748E-06   7.9750736E-01   2.7336325E-01   2.0618927E-04   3.7265087E-04  -2.08259E-05   1.51031E-09  electron           11
   1.8075000E-01   1.3921823E-05   5.3007112E-02   2.5347408E-01   3.4137107E-04   1.0029345E-03  -2.08259E-05   1.51651E-09  electron           12
   1.8075000E-01   2.3238793E-05   2.6670044E-01   2.7340768E-01   4.3472764E-04   1.7019989E-03  -2.08259E-05   1.50700E-09  electron           13
   1.8075000E-01   2.0107107E-05   2.4959930E-02   3.1318979E-01   8.7428178E-04   1.4794983E-03  -2.08259E-05   1.49206E-09  electron           14
   1.8075000E-01   1.3188849E-05  -2.6623444E-01   3.6565103E-01   8.4190999E-04   9.4951814E-04  -2.08259E-05   1.48042E-09  electron           15
   1.8075000E-01   1.0544278E-05  -3.6430906E-01   4.1951462E-01   5.3839379E-04   7.3205646E-04  -2.08259E-05   1.47209E-09  electron           16
   1.8075000E-01   7.1875886E-06  -7.2644649E-01   4.9661473E-01  -2.4708926E-04   4.2427121E-04  -2.08259E-05   1.46306E-09  electron           17
   1.8075000E-01   4.9363537E-06   2.8642458E+00   5.5711546E-01   6.9439084E-04   1.1076715E-04  -2.08259E-05   1.45682E-09  electron           18
   1.8075000E-01   7.8627845E-06   2.7212390E+00   5.4919745E-01   5.6318940E-05   5.0644019E-04  -2.08259E-05   1.45704E-09  electron           19
   1.8075000E-01   1.6246794E-05   3.0303739E+00   5.7549149E-01   1.0348048E-03   1.1877371E-03  -2.08259E-05   1.42219E-09  electron           20
   1.8075000E-01   2.1318865E-05  -3.0188246E-02   3.0674671E-01   2.7868224E-04   1.5415071E-03  -2.08259E-05   1.43121E-09  electron           21
   1.8075000E-01   3.6724233E-05   5.4100548E-01   2.9380996E-01   5.6381481E-04   2.7285629E-03  -2.08259E-05   1.43786E-09  electron           22
   1.8075000E-01   3.2412778E-05   1.6848728E-01   3.0690953E-01   7.7482537E-04   2.4215200E-03  -2.08259E-05   1.43853E-09  electron           23
   1.8075000E-01   1.2238212E-05   4.0781222E-02   3.4504197E-01   4.9997199E-04   8.9261094E-04  -2.08259E-05   1.43550E-09  electron           24
   1.8075000E-01   1.1356565E-04   1.6047775E+00   3.7699628E-01   4.0207448E-03   7.8688807E-03  -7.31591E-04   1.52044E-09  electron           25
   1.8075000E-01   2.1799201E-04   2.5592701E+00   3.4907101E-01   6.7622450E-03   1.6153851E-02  -7.31591E-04   1.52308E-09  electron           26
   1.8075000E-01   1.2057676E-04   1.6892904E+00   2.6234025E-01   2.8642448E-04   8.4506255E-03  -7.31591E-04   1.52822E-09  electron           27
   1.8075000E-01   1.0420943E-04   1.3583483E+00   2.5950117E-01   1.3472535E-06   7.0928354E-03  -7.31591E-04   1.52103E-09  electron           28
   1.8075000E-01   1.2088494E-04   1.3873595E+00   2.3555041E-01  -2.4729974E-03   8.4613494E-03  -7.31591E-04   1.53113E-09  electron           29
   1.8075000E-01   1.2943054E-04   1.3496288E+00   2.3195728E-01  -3.6181841E-03   9.1556107E-03  -7.31591E-04   1.53071E-09  electron           30
   1.8075000E-01   1.4141136E-04   1.3244732E+00   2.3711096E-01  -3.4175862E-03   1.0121564E-02  -7.31591E-04   1.52634E-09  electron           31
   1.8075000E-01   1.4457816E-04   1.3601735E+00   2.4010348E-01  -3.5359979E-03   1.0377137E-02  -7.31591E-04   1.52439E-09  electron           32
   1.8075000E-01   1.2012661E-04   1.3700088E+00   2.5378808E-01  -3.9734606E-03   8.4004289E-03  -7.31591E-04   1.51885E-09  electron           33
   1.8075000E-01   3.1430835E-05   1.0444407E+00   2.7906797E-01  -5.9282520E-03  -3.5698688E-04  -7.31591E-04   1.50936E-09  electron           34
   1.8075000E-01   5.3549037E-05  -1.2447250E+00   2.7102214E-01   4.3329587E-03   2.5152336E-03  -7.31591E-04   1.51126E-09  electron           35
   1.8075000E-01   7.9045832E-05  -9.2096697E-01   2.5295339E-01   2.8620176E-03   4.9383645E-03  -7.31591E-04   1.51663E-09  electron           36
   1.8075000E-01   8.4999765E-05  -4.2460971E-01   2.7412504E-01   1.7696720E-03   5.4620999E-03  -7.31591E-04   1.50661E-09  electron           37
   1.8075000E-01   8.2807025E-05  -2.3322981E-01   3.1387055E-01   3.3889140E-03   5.2709785E-03  -7.31591E-04   1.49188E-09  electron           38
   1.8075000E-01   5.4792344E-05  -3.6265832E-01   3.6458654E-01   3.2360254E-03   2.6358729E-03  -7.31591E-04   1.48062E-09  electron           39
   1.8075000E-01   4.1271270E-05  -6.8401466E-01   4.1694639E-01   2.3136003E-03   1.1098034E-03  -7.31591E-04   1.47244E-09  electron           40
   1.8075000E-01   3.5267120E-05  -1.3329912E+00   4.9363253E-01   6.4246950E-04   3.1083255E-04  -7.31591E-04   1.46337E-09  electron           41
   1.8075000E-01   2.8505431E-05  -3.1118762E+00   5.5522715E-01   1.5756969E-03  -7.4832364E-04  -7.31591E-04   1.45700E-09  electron           42
   1.8075000E-01   3.8925356E-05   1.6731806E+00   5.4776878E-01   1.9910430E-03   7.9722924E-04  -7.31591E-04   1.45718E-09  electron           43
   1.8075000E-01   7.3781176E-05   3.1045520E+00   5.7680906E-01   4.0647816E-03   4.4481276E-03  -7.31591E-04   1.42222E-09  electron           44
   1.8075000E-01   1.7115882E-04  -1.2012452E+00   3.0664386E-01   3.0515511E-03   1.2472293E-02  -7.31591E-04   1.43127E-09  electron           45
   1.8075000E-01   1.4373553E-04  -2.6930462E-01   2.9346763E-01   2.3157443E-03   1.0305736E-02  -7.31591E-04   1.43795E-09  electron           46
   1.8075000E-01   1.5482167E-04   2.7481652E-01   3.0630603E-01   3.4620120E-03   1.1193640E-02  -7.31591E-04   1.43863E-09  electron           47
   1.8075000E-01   1.7158064E-04   1.0435947E+00   3.4319662E-01   5.2816458E-03   1.2519850E-02  -7.31591E-04   1.43570E-09  electron           48
   1.8075000E-01   2.6117829E-04   1.6067652E+00   3.6847067E-01   8.7946400E-03   1.8739063E-02  -9.39734E-04   1.52118E-09  electron           49
   1.8075000E-01   3.7839736E-04   2.3407988E+00   3.4333482E-01   1.1138540E-02   2.8018098E-02  -9.39734E-04   1.52367E-09  electron           50
   1.8075000E-01   2.8094688E-04   1.6732968E+00   2.6275802E-01   1.4734089E-03   2.0331180E-02  -9.39734E-04   1.52914E-09  electron           51
   1.8075000E-01   2.0256495E-04   1.3969546E+00   2.6183570E-01   6.1019483E-05   1.3969001E-02  -9.39734E-04   1.52045E-09  electron           52
   1.8075000E-01   2.2257204E-04   1.4503229E+00   2.3583515E-01  -4.1127028E-03   1.5638224E-02  -9.39734E-04   1.53102E-09  electron           53
   1.8075000E-01   2.5735574E-04   1.4399540E+00   2.2980449E-01  -5.5759774E-03   1.8468314E-02  -9.39734E-04   1.53214E-09  electron           54
   1.8075000E-01   2.7113752E-04   1.4118865E+00   2.3491671E-01  -5.6082881E-03   1.9580431E-02  -9.39734E-04   1.52807E-09  electron           55
   1.8075000E-01   2.8158891E-04   1.4410883E+00   2.3703919E-01  -5.5733289E-03   2.0416148E-02  -9.39734E-04   1.52633E-09  electron           56
   1.8075000E-01   2.5449016E-04   1.4623021E+00   2.4581028E-01  -5.2299579E-03   1.8244123E-02  -9.39734E-04   1.52160E-09  electron           57
   1.8075000E-01   1.0464145E-04   1.3007377E+00   2.7159628E-01  -9.2807821E-03   5.2491702E-03  -9.39734E-04   1.51217E-09  electron           58
   1.8075000E-01   8.7314863E-05  -1.1034584E+00   2.6477845E-01   7.9461986E-03   3.4313484E-03  -9.39734E-04   1.51357E-09  electron           59
   1.8075000E-01   1.4973799E-04  -9.2323822E-01   2.5130835E-01   5.7058720E-03   9.4849860E-03  -9.39734E-04   1.51705E-09  electron           60
   1.8075000E-01   1.4826364E-04  -5.0075825E-01   2.7568396E-01   3.7453364E-03   9.3376812E-03  -9.39734E-04   1.50579E-09  electron           61
   1.8075000E-01   1.3407415E-04  -3.1140680E-01   3.1450155E-01   5.7158122E-03   8.0551801E-03  -9.39734E-04   1.49173E-09  electron           62
   1.8075000E-01   9.2618222E-05  -4.5299360E-01   3.6088399E-01   5.4590376E-03   3.9637332E-03  -9.39734E-04   1.48131E-09  electron           63
   1.8075000E-01   7.2538650E-05  -8.0650612E-01   4.1011342E-01   4.4556364E-03   1.5853837E-03  -9.39734E-04   1.47339E-09  electron           64
   1.8075000E-01   6.7059568E-05  -1.4256216E+00   4.8551885E-01   1.9953335E-03   8.3481696E-04  -9.39734E-04   1.46421E-09  electron           65
   1.8075000E-01   5.0266382E-05  -2.9989166E+00   5.4988012E-01   1.9453469E-03  -1.8236523E-03  -9.39734E-04   1.45752E-09  electron           66
   1.8075000E-01   7.6184594E-05   1.6180817E+00   5.4390152E-01   4.5794204E-03   2.0390375E-03  -9.39734E-04   1.45756E-09  electron           67
   1.8075000E-01   1.2289805E-04  -3.1209128E+00   5.7966460E-01   6.5902526E-03   6.9936476E-03  -9.39734E-04   1.42228E-09  electron           68
   1.8075000E-01   3.5709752E-04  -1.1972842E+00   3.0598375E-01   5.6654791E-03   2.6338255E-02  -9.39734E-04   1.43145E-09  electron           69
   1.8075000E-01   2.6184319E-04  -3.3303197E-01   2.9261697E-01   4.3502728E-03   1.8782477E-02  -9.39734E-04   1.43816E-09  electron           70
   1.8075000E-01   2.6530625E-04   2.9445804E-01   3.0489461E-01   5.8047871E-03   1.9058452E-02  -9.39734E-04   1.43887E-09  electron           71
   1.8075000E-01   3.3203176E-04   1.0966812E+00   3.3758442E-01   9.4670271E-03   2.4369646E-02  -9.39734E-04   1.43630E-09  electron           72
   1.8075000E-01   4.4058408E-04   1.5268914E+00   3.5578102E-01   1.3468100E-02   3.2117749E-02  -1.84323E-03   1.52237E-09  electron           73
   1.8075000E-01   5.1377284E-04   2.0253918E+00   3.3610813E-01   1.4165486E-02   3.7909849E-02  -1.84323E-03   1.52443E-09  electron           74
   1.8075000E-01   5.0762529E-04   1.5377107E+00   2.6373729E-01   4.6675906E-03   3.7433726E-02  -1.84323E-03   1.53047E-09  electron           75
   1.8075000E-01   3.0819443E-04   1.2845479E+00   2.6383042E-01   3.3972089E-04   2.1439430E-02  -1.84323E-03   1.52009E-09  electron           76
   1.8075000E-01   3.2402986E-04   1.3485143E+00   2.3749092E-01  -4.3041973E-03   2.2760763E-02  -1.84323E-03   1.53028E-09  electron           77
   1.8075000E-01   3.5763836E-04   1.3551375E+00   2.2698112E-01  -6.1969918E-03   2.5520468E-02  -1.84323E-03   1.53358E-09  electron           78
   1.8075000E-01   3.4229691E-04   1.3044191E+00   2.3302592E-01  -6.4994056E-03   2.4281302E-02  -1.84323E-03   1.52929E-09  electron           79
   1.8075000E-01   3.4252117E-04   1.3197922E+00   2.3600306E-01  -6.3511219E-03   2.4305565E-02  -1.84323E-03   1.52704E-09  electron           80
   1.8075000E-01   3.2592821E-04   1.3470846E+00   2.4371148E-01  -5.7107333E-03   2.2951969E-02  -1.84323E-03   1.52242E-09  electron           81
   1.8075000E-01   1.6983521E-04   1.2164916E+00   2.6585972E-01  -9.5665291E-03   9.3526956E-03  -1.84323E-03   1.51394E-09  electron           82
   1.8075000E-01   9.2565081E-05  -8.3447482E-01   2.5810691E-01   8.5819898E-03   5.5773789E-04  -1.84323E-03   1.51578E-09  electron           83
   1.8075000E-01   1.9657495E-04  -8.8814250E-01   2.5088111E-01   7.6731708E-03   1.1832544E-02  -1.84323E-03   1.51708E-09  electron           84
   1.8075000E-01   2.0694555E-04  -5.7964582E-01   2.7794327E-01   5.9785884E-03   1.2757920E-02  -1.84323E-03   1.50471E-09  electron           85
   1.8075000E-01   1.7825611E-04  -4.4434209E-01   3.1506670E-01   7.8128071E-03   1.0092329E-02  -1.84323E-03   1.49162E-09  electron           86
   1.8075000E-01   1.3040516E-04  -5.8232198E-01   3.5588431E-01   7.4609583E-03   5.1942900E-03  -1.84323E-03   1.48228E-09  electron           87
   1.8075000E-01   1.0565183E-04  -9.2268983E-01   4.0071026E-01   6.4182956E-03   2.2166343E-03  -1.84323E-03   1.47475E-09  electron           88
   1.8075000E-01   9.7108210E-05  -1.5121753E+00   4.7368840E-01   3.3422287E-03   1.0300885E-03  -1.84323E-03   1.46548E-09  electron           89
   1.8075000E-01   7.6107681E-05  -2.9723120E+00   5.4152236E-01   2.5067407E-03  -2.2701270E-03  -1.84323E-03   1.45834E-09  electron           90
   1.8075000E-01   1.0772339E-04   1.6036091E+00   5.3772188E-01   6.6196667E-03   2.4977770E-03  -1.84323E-03   1.45818E-09  electron           91
   1.8075000E-01   1.8180979E-04  -3.1331419E+00   5.8505444E-01   9.5310210E-03   1.0422593E-02  -1.84323E-03   1.42240E-09  electron           92
   1.8075000E-01   5.3538767E-04  -1.2600152E+00   3.0487445E-01   7.7526642E-03   3.9619340E-02  -1.84323E-03   1.43166E-09  electron           93
   1.8075000E-01   3.8061577E-04  -3.6002686E-01   2.9123689E-01   6.0761508E-03   2.7307487E-02  -1.84323E-03   1.43847E-09  electron           94
   1.8075000E-01   3.8924044E-04   2.1343390E-01   3.0244840E-01   8.2032444E-03   2.8007379E-02  -1.84323E-03   1.43924E-09  electron           95
   1.8075000E-01   4.9844943E-04   9.9827881E-01   3.2896552E-01   1.2914785E-02   3.6697812E-02  -1.84323E-03   1.43722E-09  electron           96
   1.8075000E-01   6.4297007E-04   1.3639510E+00   3.4018403E-01   1.7228811E-02   4.7361468E-02  -1.83107E-03   1.52391E-09  electron           97
   1.8075000E-01   7.0292573E-04   1.7150107E+00   3.2517761E-01   1.7395725E-02   5.2088574E-02  -1.83107E-03   1.52560E-09  electron           98
   1.8075000E-01   7.5801456E-04   1.4391698E+00   2.6290845E-01   7.7226302E-03   5.6423405E-02  -1.83107E-03   1.53156E-09  electron           99
   1.8075000E-01   4.3156462E-04   1.1488091E+00   2.6370507E-01   7.7110061E-04   3.0421847E-02  -1.83107E-03   1.52050E-09  electron          100
   1.8075000E-01   3.7173247E-04   1.1883910E+00   2.4073309E-01  -3.8955644E-03   2.5486207E-02  -1.83107E-03   1.52893E-09  electron          101
   1.8075000E-01   3.8796124E-04   1.2363775E+00   2.2560684E-01  -6.4600168E-03   2.6862838E-02  -1.83107E-03   1.53441E-09  electron          102
   1.8075000E-01   3.3913676E-04   1.1646476E+00   2.3177056E-01  -7.1393477E-03   2.2761305E-02  -1.83107E-03   1.53005E-09  electron          103
   1.8075000E-01   3.3697801E-04   1.1653938E+00   2.3624126E-01  -6.6725931E-03   2.2580365E-02  -1.83107E-03   1.52691E-09  electron          104
   1.8075000E-01   3.3849006E-04   1.2019692E+00   2.4449557E-01  -5.9072329E-03   2.2711309E-02  -1.83107E-03   1.52202E-09  electron          105
   1.8075000E-01   2.1129094E-04   1.0895554E+00   2.6273122E-01  -9.0722216E-03   1.1185392E-02  -1.83107E-03   1.51481E-09  electron          106
   1.8075000E-01   1.0712557E-04  -5.0629709E-01   2.5238814E-01   6.9589435E-03  -1.4935895E-03  -1.83107E-03   1.51757E-09  electron          107
   1.8075000E-01   2.2809982E-04  -8.4386431E-01   2.5000057E-01   9.2281035E-03   1.2786358E-02  -1.83107E-03   1.51732E-09  electron          108
   1.8075000E-01   2.4603634E-04  -6.7940858E-01   2.7872257E-01   8.0758643E-03   1.4454204E-02  -1.83107E-03   1.50442E-09  electron          109
   1.8075000E-01   2.1161139E-04  -6.1854796E-01   3.1309277E-01   9.9129799E-03   1.1135030E-02  -1.83107E-03   1.49221E-09  electron          110
   1.8075000E-01   1.6370317E-04  -7.7486219E-01   3.4819800E-01   9.4774142E-03   6.0374329E-03  -1.83107E-03   1.48384E-09  electron          111
   1.8075000E-01   1.3938052E-04  -1.0966255E+00   3.8829001E-01   8.4372982E-03   3.0607120E-03  -1.83107E-03   1.47664E-09  electron          112
   1.8075000E-01   1.2991678E-04  -1.6283446E+00   4.5766956E-01   4.4854250E-03   1.7857055E-03  -1.83107E-03   1.46727E-09  electron          113
   1.8075000E-01   9.9420612E-05  -2.9300165E+00   5.3014527E-01   2.3163534E-03  -2.9808094E-03  -1.83107E-03   1.45946E-09  electron          114
   1.8075000E-01   1.4025803E-04   1.5704459E+00   5.2923900E-01   9.1599710E-03   3.2227054E-03  -1.83107E-03   1.45902E-09  electron          115
   1.8075000E-01   2.2841892E-04   3.1204512E+00   5.9292391E-01   1.1711315E-02   1.2776194E-02  -1.83107E-03   1.42259E-09  electron          116
   1.8075000E-01   7.7178851E-04  -1.3239972E+00   3.0202966E-01   1.1327985E-02   5.7510264E-02  -1.83107E-03   1.43203E-09  electron          117
   1.8075000E-01   5.0361889E-04  -5.2854543E-01   2.8911931E-01   8.0019723E-03   3.6246334E-02  -1.83107E-03   1.43884E-09  electron          118
   1.8075000E-01   4.9168006E-04   5.7863044E-03   2.9984344E-01   1.0243903E-02   3.5270943E-02  -1.83107E-03   1.43964E-09  electron          119
   1.8075000E-01   6.2987647E-04   8.2768223E-01   3.1878851E-01   1.4664350E-02   4.6321486E-02  -1.83107E-03   1.43834E-09  electron          120
   1.8075000E-01   8.4442737E-04   1.1724100E+00   3.2179042E-01   1.9679166E-02   6.2532566E-02  -3.04453E-03   1.52585E-09  electron          121
   1.8075000E-01   9.0223700E-04   1.4413611E+00   3.1181128E-01   1.9906503E-02   6.7087105E-02  -3.04453E-03   1.52709E-09  electron          122
   1.8075000E-01   1.0192225E-03   1.2909669E+00   2.6020499E-01   1.1640776E-02   7.6271385E-02  -3.04453E-03   1.53253E-09  electron          123
   1.8075000E-01   5.6342781E-04   9.7439397E-01   2.6182868E-01   1.5556450E-03   4.0083641E-02  -3.04453E-03   1.52164E-09  electron          124
   1.8075000E-01   4.1803485E-04   9.8475497E-01   2.4473497E-01  -2.7499981E-03   2.8007421E-02  -3.04453E-03   1.52729E-09  electron          125
   1.8075000E-01   4.0871096E-04   1.0829740E+00   2.2510604E-01  -6.1518397E-03   2.7229586E-02  -3.04453E-03   1.53490E-09  electron          126
   1.8075000E-01   3.7204147E-04   1.0414325E+00   2.2999587E-01  -7.0439032E-03   2.4053674E-02  -3.04453E-03   1.53106E-09  electron          127
   1.8075000E-01   3.7894340E-04   1.0421516E+00   2.3634205E-01  -6.2330905E-03   2.4656417E-02  -3.04453E-03   1.52691E-09  electron          128
   1.8075000E-01   3.8075650E-04   1.0745052E+00   2.4575973E-01  -5.5289287E-03   2.4809786E-02  -3.04453E-03   1.52134E-09  electron          129
   1.8075000E-01   2.5245249E-04   9.3886151E-01   2.6169021E-01  -8.1693445E-03   1.2900148E-02  -3.04453E-03   1.51497E-09  electron          130
   1.8075000E-01   1.4015231E-04  -2.5763689E-01   2.4950056E-01   4.6277614E-03  -6.8013994E-04  -3.04453E-03   1.51844E-09  electron          131
   1.8075000E-01   2.5204504E-04  -7.4725735E-01   2.4974283E-01   9.7543465E-03   1.2855455E-02  -3.04453E-03   1.51738E-09  electron          132
   1.8075000E-01   2.7716240E-04  -6.8643589E-01   2.7881386E-01   9.4296764E-03   1.5307421E-02  -3.04453E-03   1.50452E-09  electron          133
   1.8075000E-01   2.4578900E-04  -7.0360738E-01   3.0963453E-01   1.1411426E-02   1.2174598E-02  -3.04453E-03   1.49323E-09  electron          134
   1.8075000E-01   2.0153334E-04  -8.8608620E-01   3.4007457E-01   1.0947623E-02   7.3814395E-03  -3.04453E-03   1.48560E-09  electron          135
   1.8075000E-01   1.7636070E-04  -1.2057106E+00   3.7566306E-01   9.8896226E-03   4.3268389E-03  -3.04453E-03   1.47871E-09  electron          136
   1.8075000E-01   1.6129096E-04  -1.6919310E+00   4.3958066E-01   4.9687426E-03   2.2990588E-03  -3.04453E-03   1.46943E-09  electron          137
   1.8075000E-01   1.2304314E-04  -2.8954810E+00   5.1518029E-01   2.2603694E-03  -3.6766675E-03  -3.04453E-03   1.46094E-09  electron          138
   1.8075000E-01   1.6690646E-04   1.6062233E+00   5.1973698E-01   1.0789903E-02   3.1221556E-03  -3.04453E-03   1.45997E-09  electron          139
   1.8075000E-01   2.8384166E-04   3.0801459E+00   6.0191331E-01   1.4334628E-02   1.5948252E-02  -3.04453E-03   1.42284E-09  electron          140
   1.8075000E-01   9.8209828E-04  -1.3701706E+00   2.9904500E-01   1.6708197E-02   7.3366581E-02  -3.04453E-03   1.43236E-09  electron          141
   1.8075000E-01   6.5300280E-04  -6.0191306E-01   2.8577251E-01   9.7786199E-03   4.7299034E-02  -3.04453E-03   1.43939E-09  electron          142
   1.8075000E-01   6.2595286E-04  -8.7276077E-02   2.9549751E-01   1.2154576E-02   4.5115147E-02  -3.04453E-03   1.44025E-09  electron          143
   1.8075000E-01   7.7430831E-04   6.5294780E-01   3.0699585E-01   1.6029999E-02   5.6983981E-02  -3.04453E-03   1.43968E-09  electron          144
   1.8075000E-01   1.0406028E-03   1.0222850E+00   3.0344212E-01   2.1405374E-02   7.7314135E-02  -2.73232E-03   1.52792E-09  electron          145
   1.8075000E-01   1.1197515E-03   1.2482009E+00   2.9604326E-01   2.2328329E-02   8.3551782E-02  -2.73232E-03   1.52890E-09  electron          146
   1.8075000E-01   1.2435017E-03   1.1825379E+00   2.5511386E-01   1.5536792E-02   9.3295918E-02  -2.73232E-03   1.53344E-09  electron          147
   1.8075000E-01   7.1193250E-04   8.3574326E-01   2.5867718E-01   2.7951031E-03   5.1118260E-02  -2.73232E-03   1.52311E-09  electron          148
   1.8075000E-01   4.7061549E-04   7.8310565E-01   2.4863821E-01  -1.1114416E-03   3.1052498E-02  -2.73232E-03   1.52565E-09  electron          149
   1.8075000E-01   4.4692154E-04   9.5313734E-01   2.2513789E-01  -5.4289518E-03   2.9008295E-02  -2.73232E-03   1.53505E-09  electron          150
   1.8075000E-01   4.2740250E-04   9.7022985E-01   2.2787958E-01  -6.4473102E-03   2.7287539E-02  -2.73232E-03   1.53213E-09  electron          151
   1.8075000E-01   4.3960975E-04   9.7295157E-01   2.3646617E-01  -5.3708057E-03   2.8362241E-02  -2.73232E-03   1.52688E-09  electron          152
   1.8075000E-01   4.2955253E-04   9.8098705E-01   2.4695891E-01  -4.9068393E-03   2.7472395E-02  -2.73232E-03   1.52067E-09  electron          153
   1.8075000E-01   2.9893195E-04   8.0883442E-01   2.6098411E-01  -6.9686512E-03   1.5211889E-02  -2.73232E-03   1.51502E-09  electron          154
   1.8075000E-01   1.8598540E-04  -8.4555300E-02   2.4815076E-01   2.7760258E-03   2.0495094E-03  -2.73232E-03   1.51883E-09  electron          155
   1.8075000E-01   2.7521977E-04  -6.3376205E-01   2.4860209E-01   9.7857763E-03   1.2745836E-02  -2.73232E-03   1.51777E-09  electron          156
   1.8075000E-01   2.9817183E-04  -6.7759807E-01   2.7704010E-01   9.9766755E-03   1.5107493E-02  -2.73232E-03   1.50556E-09  electron          157
   1.8075000E-01   2.7736616E-04  -7.3586841E-01   3.0389550E-01   1.2652132E-02   1.2959054E-02  -2.73232E-03   1.49497E-09  electron          158
   1.8075000E-01   2.4077447E-04  -9.4855261E-01   3.3043770E-01   1.2348084E-02   8.9462681E-03  -2.73232E-03   1.48784E-09  electron          159
   1.8075000E-01   2.1905832E-04  -1.2793286E+00   3.6204856E-01   1.1401222E-02   6.3487936E-03  -2.73232E-03   1.48113E-09  electron          160
   1.8075000E-01   1.9458437E-04  -1.7276738E+00   4.1988052E-01   5.4359436E-03   3.1558536E-03  -2.73232E-03   1.47196E-09  electron          161
   1.8075000E-01   1.4621752E-04  -2.8281637E+00   4.9693131E-01   1.6407823E-03  -4.3467589E-03  -2.73232E-03   1.46280E-09  electron          162
   1.8075000E-01   1.9293733E-04   1.6564937E+00   5.0868051E-01   1.2212866E-02   2.9762665E-03  -2.73232E-03   1.46108E-09  electron          163
   1.8075000E-01   3.3232474E-04   3.0296411E+00   6.1224610E-01   1.6671057E-02   1.8488428E-02  -2.73232E-03   1.42315E-09  electron          164
   1.8075000E-01   1.1921987E-03  -1.4081712E+00   2.9609748E-01   2.3762925E-02   8.9263311E-02  -2.73232E-03   1.43265E-09  electron          165
   1.8075000E-01   8.2086929E-04  -6.3665159E-01   2.8123974E-01   1.1729989E-02   5.9858529E-02  -2.73232E-03   1.44004E-09  electron          166
   1.8075000E-01   7.5959068E-04  -1.4481619E-01   2.9048437E-01   1.3710587E-02   5.4942957E-02  -2.73232E-03   1.44094E-09  electron          167
   1.8075000E-01   9.2102394E-04   5.3168915E-01   2.9468743E-01   1.6989865E-02   6.7849108E-02  -2.73232E-03   1.44112E-09  electron          168
   1.8075000E-01   1.2358166E-03   8.9455322E-01   2.8707204E-01   2.3440259E-02   9.2137799E-02  -3.12274E-03   1.52983E-09  electron          169
   1.8075000E-01   1.3173381E-03   1.1044616E+00   2.8249009E-01   2.4958496E-02   9.8608503E-02  -3.12274E-03   1.53051E-09  electron          170
   1.8075000E-01   1.4289565E-03   1.0743994E+00   2.4888012E-01   1.8509828E-02   1.0750441E-01  -3.12274E-03   1.53436E-09  electron          171
   1.8075000E-01   8.6462384E-04   7.1156105E-01   2.5484019E-01   4.8827462E-03   6.2588470E-02  -3.12274E-03   1.52438E-09  electron          172
   1.8075000E-01   5.6216098E-04   6.3890166E-01   2.5099306E-01   3.8996015E-04   3.7620654E-02  -3.12274E-03   1.52452E-09  electron          173
   1.8075000E-01   5.3181318E-04   8.5465460E-01   2.2460736E-01  -4.5290794E-03   3.5015942E-02  -3.12274E-03   1.53521E-09  electron          174
   1.8075000E-01   5.3328242E-04   9.5381077E-01   2.2462061E-01  -5.7633829E-03   3.5143392E-02  -3.12274E-03   1.53354E-09  electron          175
   1.8075000E-01   5.4290753E-04   9.6174880E-01   2.3543714E-01  -4.3934754E-03   3.5976020E-02  -3.12274E-03   1.52733E-09  electron          176
   1.8075000E-01   5.0251618E-04   9.1672031E-01   2.4718099E-01  -3.9859017E-03   3.2451328E-02  -3.12274E-03   1.52033E-09  electron          177
   1.8075000E-01   3.5490582E-04   6.8845874E-01   2.6105523E-01  -5.6265756E-03   1.8749730E-02  -3.12274E-03   1.51481E-09  electron          178
   1.8075000E-01   2.4063263E-04  -1.9371213E-03   2.4907104E-01   1.5377358E-03   6.1190217E-03  -3.12274E-03   1.51847E-09  electron          179
   1.8075000E-01   2.9871810E-04  -5.3838858E-01   2.4805422E-01   8.9127028E-03   1.2902544E-02  -3.12274E-03   1.51798E-09  electron          180
   1.8075000E-01   3.1646730E-04  -6.3970054E-01   2.7495353E-01   9.7816253E-03   1.4801455E-02  -3.12274E-03   1.50676E-09  electron          181
   1.8075000E-01   3.0396443E-04  -7.2428370E-01   2.9827209E-01   1.3062104E-02   1.3468606E-02  -3.12274E-03   1.49680E-09  electron          182
   1.8075000E-01   2.7309669E-04  -9.4937210E-01   3.2200591E-01   1.3003839E-02   1.0036692E-02  -3.12274E-03   1.48995E-09  electron          183
   1.8075000E-01   2.5204824E-04  -1.2950740E+00   3.5091316E-01   1.2207353E-02   7.5411203E-03  -3.12274E-03   1.48329E-09  electron          184
   1.8075000E-01   2.2263001E-04  -1.7540064E+00   4.0230075E-01   6.2071336E-03   3.7100332E-03  -3.12274E-03   1.47443E-09  electron          185
   1.8075000E-01   1.6859655E-04  -2.7920045E+00   4.7834994E-01   1.8900032E-03  -4.6220946E-03  -3.12274E-03   1.46476E-09  electron          186
   1.8075000E-01   2.1283178E-04   1.7278329E+00   4.9839544E-01   1.2552936E-02   2.4042729E-03  -3.12274E-03   1.46214E-09  electron          187
   1.8075000E-01   3.7966353E-04   2.9573158E+00   6.2272072E-01   1.8966142E-02   2.1161343E-02  -3.12274E-03   1.42350E-09  electron          188
   1.8075000E-01   1.3117294E-03  -1.4646400E+00   2.9541761E-01   2.8246386E-02   9.8173228E-02  -3.12274E-03   1.43265E-09  electron          189
   1.8075000E-01   9.8069712E-04  -6.3588735E-01   2.7642198E-01   1.3850227E-02   7.1880631E-02  -3.12274E-03   1.44069E-09  electron          190
   1.8075000E-01   9.0637953E-04  -1.5199602E-01   2.8434849E-01   1.5171304E-02   6.5936781E-02  -3.12274E-03   1.44175E-09  electron          191
   1.8075000E-01   1.0951038E-03   4.5893942E-01   2.8223148E-01   1.8486299E-02   8.0981144E-02  -3.12274E-03   1.44260E-09  electron          192
   1.8075000E-01   1.4556507E-03   7.9671717E-01   2.6985963E-01   2.5543481E-02   1.0903828E-01  -4.76029E-03   1.53190E-09  electron          193
   1.8075000E-01   1.5216718E-03   9.8978262E-01   2.6891865E-01   2.7289612E-02   1.1434417E-01  -4.76029E-03   1.53218E-09  electron          194
   1.8075000E-01   1.5901121E-03   9.7813546E-01   2.4284116E-01   2.0620831E-02   1.1985390E-01  -4.76029E-03   1.53525E-09  electron          195
   1.8075000E-01   1.0439067E-03   5.8193921E-01   2.4989673E-01   8.1526932E-03   7.6086566E-02  -4.76029E-03   1.52558E-09  electron          196
   1.8075000E-01   6.9819288E-04   4.7948755E-01   2.5180498E-01   2.0548399E-03   4.7781742E-02  -4.76029E-03   1.52362E-09  electron          197
   1.8075000E-01   6.6249870E-04   7.2502492E-01   2.2369656E-01  -3.5155218E-03   4.4762993E-02  -4.76029E-03   1.53529E-09  electron          198
   1.8075000E-01   6.7730791E-04   8.8739837E-01   2.1985711E-01  -5.1904728E-03   4.6023903E-02  -4.76029E-03   1.53539E-09  electron          199
   1.8075000E-01   6.7329259E-04   8.9338067E-01   2.3271049E-01  -3.2574048E-03   4.5680280E-02  -4.76029E-03   1.52844E-09  electron          200
   1.8075000E-01   6.0895808E-04   8.0626442E-01   2.4529691E-01  -2.8478360E-03   4.0159378E-02  -4.76029E-03   1.52078E-09  electron          201
   1.8075000E-01   4.5985480E-04   5.6804359E-01   2.5979493E-01  -3.7578799E-03   2.6736255E-02  -4.76029E-03   1.51496E-09  electron          202
   1.8075000E-01   3.2714461E-04   9.6781521E-02   2.5034587E-01  -1.4878956E-04   1.3246901E-02  -4.76029E-03   1.51789E-09  electron          203
   1.8075000E-01   3.3178709E-04  -3.9583637E-01   2.4681670E-01   7.1158639E-03   1.3765279E-02  -4.76029E-03   1.51846E-09  electron          204
   1.8075000E-01   3.3169511E-04  -5.6699695E-01   2.7112312E-01   8.8320071E-03   1.3758649E-02  -4.76029E-03   1.50875E-09  electron          205
   1.8075000E-01   3.2390076E-04  -6.6852355E-01   2.9156207E-01   1.2449613E-02   1.2892510E-02  -4.76029E-03   1.49930E-09  electron          206
   1.8075000E-01   3.0354820E-04  -9.0614715E-01   3.1200731E-01   1.3190719E-02   1.0560274E-02  -4.76029E-03   1.49265E-09  electron          207
   1.8075000E-01   2.8954919E-04  -1.2839716E+00   3.3791453E-01   1.2771550E-02   8.8889834E-03  -4.76029E-03   1.48607E-09  electron          208
   1.8075000E-01   2.5730185E-04  -1.7720045E+00   3.8247743E-01   7.2616265E-03   4.7799190E-03  -4.76029E-03   1.47748E-09  electron          209
   1.8075000E-01   1.9484170E-04  -2.7508626E+00   4.5505625E-01   2.3892819E-03  -4.7004737E-03  -4.76029E-03   1.46738E-09  electron          210
   1.8075000E-01   2.3731199E-04   1.8086054E+00   4.8549226E-01   1.2754501E-02   2.0478944E-03  -4.76029E-03   1.46350E-09  electron          211
   1.8075000E-01   4.2389025E-04   2.8610011E+00   6.3592394E-01   2.1019861E-02   2.3302462E-02  -4.76029E-03   1.42400E-09  electron          212
   1.8075000E-01   1.4215678E-03  -1.5355189E+00   2.9555908E-01   3.2391163E-02   1.0630840E-01  -4.76029E-03   1.43255E-09  electron          213
   1.8075000E-01   1.1784977E-03  -6.3369171E-01   2.6989045E-01   1.7289400E-02   8.6859671E-02  -4.76029E-03   1.44148E-09  electron          214
   1.8075000E-01   1.0907731E-03  -1.4444204E-01   2.7604321E-01   1.7359395E-02   7.9853950E-02  -4.76029E-03   1.44279E-09  electron          215
   1.8075000E-01   1.3119750E-03   4.0134272E-01   2.6743809E-01   2.0764754E-02   9.7523191E-02  -4.76029E-03   1.44434E-09  electron          216
   1.8075000E-01   1.6836920E-03   7.3120554E-01   2.5462930E-01   2.7135312E-02   1.2679500E-01  -4.03240E-03   1.53383E-09  electron          217
   1.8075000E-01   1.7259596E-03   9.0070659E-01   2.5638339E-01   2.8898451E-02   1.3021267E-01  -4.03240E-03   1.53380E-09  electron          218
   1.8075000E-01   1.7345533E-03   8.8666411E-01   2.3559141E-01   2.1538302E-02   1.3090794E-01  -4.03240E-03   1.53627E-09  electron          219
   1.8075000E-01   1.2068029E-03   4.6464155E-01   2.4535028E-01   1.1888055E-02   8.8268567E-02  -4.03240E-03   1.52637E-09  electron          220
   1.8075000E-01   8.8016777E-04   3.5857999E-01   2.5023606E-01   4.7854701E-03   6.1678547E-02  -4.03240E-03   1.52318E-09  electron          221
   1.8075000E-01   8.8434788E-04   6.1438376E-01   2.2046478E-01  -1.9385140E-03   6.2028642E-02  -4.03240E-03   1.53572E-09  electron          222
   1.8075000E-01   9.1844122E-04   8.0865287E-01   2.1088840E-01  -4.5447900E-03   6.4849580E-02  -4.03240E-03   1.53825E-09  electron          223
   1.8075000E-01   8.8512355E-04   8.1097801E-01   2.2468440E-01  -2.0938847E-03   6.2100683E-02  -4.03240E-03   1.53146E-09  electron          224
   1.8075000E-01   7.9078592E-04   7.0642959E-01   2.3861620E-01  -1.1408168E-03   5.4216127E-02  -4.03240E-03   1.52313E-09  electron          225
   1.8075000E-01   6.2709258E-04   4.8329155E-01   2.5589802E-01  -1.4826184E-03   4.0087878E-02  -4.03240E-03   1.51593E-09  electron          226
   1.8075000E-01   4.5455182E-04   1.5760609E-01   2.5157967E-01  -1.1453496E-03   2.3964883E-02  -4.03240E-03   1.51717E-09  electron          227
   1.8075000E-01   3.8888352E-04  -2.4560166E-01   2.4645922E-01   4.6495193E-03   1.7150176E-02  -4.03240E-03   1.51858E-09  electron          228
   1.8075000E-01   3.5976818E-04  -4.4178821E-01   2.6677333E-01   7.2707160E-03   1.3929137E-02  -4.03240E-03   1.51075E-09  electron          229
   1.8075000E-01   3.4440430E-04  -5.5730259E-01   2.8562990E-01   1.0417916E-02   1.2156568E-02  -4.03240E-03   1.50195E-09  electron          230
   1.8075000E-01   3.3251538E-04  -8.0208846E-01   3.0188234E-01   1.2323560E-02   1.0751191E-02  -4.03240E-03   1.49571E-09  electron          231
   1.8075000E-01   3.2688036E-04  -1.2168791E+00   3.2462697E-01   1.2779296E-02   1.0085702E-02  -4.03240E-03   1.48922E-09  electron          232
   1.8075000E-01   2.9985412E-04  -1.7613543E+00   3.6203600E-01   8.4655197E-03   6.7227844E-03  -4.03240E-03   1.48102E-09  electron          233
   1.8075000E-01   2.2394737E-04  -2.6960471E+00   4.2812313E-01   2.5753252E-03  -4.5260773E-03  -4.03240E-03   1.47068E-09  electron          234
   1.8075000E-01   2.6297822E-04   1.8879671E+00   4.7024384E-01   1.3183346E-02   1.6925262E-03  -4.03240E-03   1.46516E-09  electron          235
   1.8075000E-01   4.5915429E-04   2.7525387E+00   6.5114940E-01   2.2361736E-02   2.4471960E-02  -4.03240E-03   1.42468E-09  electron          236
   1.8075000E-01   1.5176307E-03  -1.6276524E+00   2.9666442E-01   3.6022266E-02   1.1335778E-01  -4.03240E-03   1.43231E-09  electron          237
   1.8075000E-01   1.4057002E-03  -6.3646501E-01   2.6195981E-01   2.2057705E-02   1.0431578E-01  -4.03240E-03   1.44236E-09  electron          238
   1.8075000E-01   1.2947941E-03  -1.2751744E-01   2.6636249E-01   2.0372779E-02   9.5375457E-02  -4.03240E-03   1.44397E-09  electron          239
   1.8075000E-01   1.5450079E-03   3.8280221E-01   2.5277148E-01   2.2942507E-02   1.1557901E-01  -4.03240E-03   1.44611E-09  electron          240
   1.8075000E-01   1.8540462E-03   7.0201354E-01   2.4440740E-01   2.7956450E-02   1.4006723E-01  -4.43275E-03   1.53515E-09  electron          241
   1.8075000E-01   1.8582473E-03   8.5968064E-01   2.4990115E-01   3.0098223E-02   1.4040977E-01  -4.43275E-03   1.53468E-09  electron          242
   1.8075000E-01   1.8037541E-03   8.3567647E-01   2.3154010E-01   2.1628210E-02   1.3598426E-01  -4.43275E-03   1.53689E-09  electron          243
   1.8075000E-01   1.3115326E-03   3.7643099E-01   2.4270895E-01   1.4772849E-02   9.5988579E-02  -4.43275E-03   1.52655E-09  electron          244
   1.8075000E-01   1.0680924E-03   2.7281985E-01   2.4706026E-01   8.9334580E-03   7.6197226E-02  -4.43275E-03   1.52327E-09  electron          245
   1.8075000E-01   1.1581257E-03   5.3191031E-01   2.1377752E-01   7.5978481E-04   8.3536677E-02  -4.43275E-03   1.53660E-09  electron          246
   1.8075000E-01   1.2123189E-03   7.3244768E-01   1.9934095E-01  -3.5738182E-03   8.7939243E-02  -4.43275E-03   1.54123E-09  electron          247
   1.8075000E-01   1.1452418E-03   7.4747253E-01   2.1052088E-01  -1.2590419E-03   8.2484454E-02  -4.43275E-03   1.53591E-09  electron          248
   1.8075000E-01   9.9872014E-04   6.4188497E-01   2.2917597E-01   1.0472630E-03   7.0487981E-02  -4.43275E-03   1.52690E-09  electron          249
   1.8075000E-01   7.9661576E-04   4.2737021E-01   2.4981746E-01   9.5067207E-04   5.3516716E-02  -4.43275E-03   1.51773E-09  electron          250
   1.8075000E-01   5.8601897E-04   1.5639496E-01   2.5287558E-01  -6.5597879E-04   3.4775296E-02  -4.43275E-03   1.51646E-09  electron          251
   1.8075000E-01   4.6390025E-04  -1.5392890E-01   2.4723830E-01   2.9420309E-03   2.2833939E-02  -4.43275E-03   1.51821E-09  electron          252
   1.8075000E-01   4.0381234E-04  -3.3329263E-01   2.6293913E-01   5.9729402E-03   1.6398627E-02  -4.43275E-03   1.51226E-09  electron          253
   1.8075000E-01   3.7309026E-04  -4.5400598E-01   2.8168412E-01   8.3674338E-03   1.2864657E-02  -4.43275E-03   1.50401E-09  electron          254
   1.8075000E-01   3.6094409E-04  -6.9351502E-01   2.9529852E-01   1.0814240E-02   1.1398174E-02  -4.43275E-03   1.49802E-09  electron          255
   1.8075000E-01   3.5817593E-04  -1.1264116E+00   3.1408356E-01   1.2085003E-02   1.1054436E-02  -4.43275E-03   1.49198E-09  electron          256
   1.8075000E-01   3.3823953E-04  -1.7163577E+00   3.4544626E-01   8.8960216E-03   8.6263029E-03  -4.43275E-03   1.48427E-09  electron          257
   1.8075000E-01   2.5052659E-04  -2.6461383E+00   4.0489262E-01   3.0298923E-03  -4.0188002E-03  -4.43275E-03   1.47385E-09  electron          258
   1.8075000E-01   2.8632835E-04   1.9544746E+00   4.5615632E-01   1.3595969E-02   1.6034785E-03  -4.43275E-03   1.46676E-09  electron          259
   1.8075000E-01   4.7916095E-04   2.6513575E+00   6.6494268E-01   2.2841543E-02   2.4435224E-02  -4.43275E-03   1.42539E-09  electron          260
   1.8075000E-01   1.5860773E-03  -1.7114792E+00   2.9844874E-01   3.8650051E-02   1.1828958E-01  -4.43275E-03   1.43201E-09  electron          261
   1.8075000E-01   1.5958866E-03  -6.4142263E-01   2.5517615E-01   2.5753443E-02   1.1909800E-01  -4.43275E-03   1.44309E-09  electron          262
   1.8075000E-01   1.4908875E-03  -1.0293255E-01   2.5717972E-01   2.3357709E-02   1.1055942E-01  -4.43275E-03   1.44507E-09  electron          263
   1.8075000E-01   1.7398050E-03   3.8081173E-01   2.4123172E-01   2.4096075E-02   1.3078980E-01  -4.43275E-03   1.44755E-09  electron          264
   1.8075000E-01   2.0322141E-03   6.7379091E-01   2.3418401E-01   2.8358128E-02   1.5398972E-01  -6.53451E-03   1.53651E-09  electron          265
   1.8075000E-01   1.9862377E-03   8.1877305E-01   2.4392504E-01   3.1117565E-02   1.5021857E-01  -6.53451E-03   1.53551E-09  electron          266
   1.8075000E-01   1.8601342E-03   8.0221787E-01   2.2889415E-01   2.1841902E-02   1.3990529E-01  -6.53451E-03   1.53739E-09  electron          267
   1.8075000E-01   1.4103969E-03   3.0530847E-01   2.3976365E-01   1.7459760E-02   1.0314180E-01  -6.53451E-03   1.52700E-09  electron          268
   1.8075000E-01   1.3112709E-03   1.8802483E-01   2.4191932E-01   1.5332199E-02   9.5031428E-02  -6.53451E-03   1.52370E-09  electron          269
   1.8075000E-01   1.5297828E-03   4.4185123E-01   2.0298725E-01   4.6404646E-03   1.1293143E-01  -6.53451E-03   1.53786E-09  electron          270
   1.8075000E-01   1.5610892E-03   6.3067629E-01   1.8654795E-01  -3.5499726E-03   1.1550387E-01  -6.53451E-03   1.54403E-09  electron          271
   1.8075000E-01   1.4278034E-03   6.6203243E-01   1.9346931E-01  -1.8752587E-03   1.0459249E-01  -6.53451E-03   1.54100E-09  electron          272
   1.8075000E-01   1.2386147E-03   5.7261683E-01   2.1503011E-01   2.8306552E-03   8.9085309E-02  -6.53451E-03   1.53256E-09  electron          273
   1.8075000E-01   9.9710337E-04   3.7576862E-01   2.3867363E-01   4.2298505E-03   6.9120057E-02  -6.53451E-03   1.52142E-09  electron          274
   1.8075000E-01   7.6232036E-04   1.2404437E-01   2.5376166E-01   2.1582030E-03   4.8947824E-02  -6.53451E-03   1.51596E-09  electron          275
   1.8075000E-01   5.8443704E-04  -9.8123135E-02   2.4989827E-01   2.1431905E-03   3.2518501E-02  -6.53451E-03   1.51705E-09  electron          276
   1.8075000E-01   4.8535849E-04  -2.3739165E-01   2.6029609E-01   4.9217465E-03   2.2476028E-02  -6.53451E-03   1.51317E-09  electron          277
   1.8075000E-01   4.2930803E-04  -3.5447724E-01   2.7796050E-01   6.5608798E-03   1.6283216E-02  -6.53451E-03   1.50602E-09  electron          278
   1.8075000E-01   4.0807200E-04  -5.8205984E-01   2.8875005E-01   8.7354961E-03   1.3800159E-02  -6.53451E-03   1.50075E-09  electron          279
   1.8075000E-01   4.0231909E-04  -1.0027738E+00   3.0200884E-01   1.0614455E-02   1.3129141E-02  -6.53451E-03   1.49554E-09  electron          280
   1.8075000E-01   3.8568654E-04  -1.6299529E+00   3.2711433E-01   8.6969163E-03   1.1128942E-02  -6.53451E-03   1.48838E-09  electron          281
   1.8075000E-01   2.8675173E-04  -2.5730235E+00   3.7715895E-01   3.7629810E-03  -2.6909623E-03  -6.53451E-03   1.47813E-09  electron          282
   1.8075000E-01   3.1626628E-04   2.0228998E+00   4.3764726E-01   1.4256595E-02   1.8292846E-03  -6.53451E-03   1.46897E-09  electron          283
   1.8075000E-01   4.9289266E-04   2.5099941E+00   6.8239722E-01   2.2739020E-02   2.3275509E-02  -6.53451E-03   1.42648E-09  electron          284
   1.8075000E-01   1.6497909E-03  -1.8271785E+00   3.0208796E-01   4.1461456E-02   1.2270523E-01  -6.53451E-03   1.43152E-09  electron          285
   1.8075000E-01   1.8156273E-03  -6.5296136E-01   2.4651424E-01   2.8759278E-02   1.3626685E-01  -6.53451E-03   1.44399E-09  electron          286
   1.8075000E-01   1.7144951E-03  -6.9525823E-02   2.4646057E-01   2.5918690E-02   1.2801105E-01  -6.53451E-03   1.44638E-09  electron          287
   1.8075000E-01   1.9475243E-03   3.8050365E-01   2.2901064E-01   2.4536562E-02   1.4703831E-01  -6.53451E-03   1.44908E-09  electron          288
   1.8075000E-01   1.8700731E-03   8.2593048E-01   2.2774115E-01   2.1353703E-02   1.3998709E-01  -5.36746E-03   1.53772E-09  electron          291
   1.8075000E-01   1.4115064E-03   2.8669010E-01   2.3944169E-01   1.7930480E-02   1.0226252E-01  -5.36746E-03   1.52725E-09  electron          292
   1.8075000E-01   1.4714165E-03   1.3574957E-01   2.3806850E-01   1.9476939E-02   1.0720735E-01  -5.36746E-03   1.52404E-09  electron          293
   1.8075000E-01   1.7237609E-03   3.4193977E-01   2.0124313E-01   8.9173893E-03   1.2798786E-01  -5.36746E-03   1.53695E-09  electron          294
   1.8075000E-01   1.6529345E-03   4.7651723E-01   1.8780619E-01   3.3782718E-05   1.2217396E-01  -5.36746E-03   1.54268E-09  electron          295
   1.8075000E-01   1.4860299E-03   4.9179712E-01   1.9235604E-01  -6.8519691E-05   1.0843909E-01  -5.36746E-03   1.54167E-09  electron          296
   1.8075000E-01   1.3174911E-03   4.4465561E-01   2.0523818E-01   2.6407491E-03   9.4512252E-02  -5.36746E-03   1.53695E-09  electron          297
   1.8075000E-01   1.0938407E-03   3.0921198E-01   2.2870878E-01   5.7844769E-03   7.5930030E-02  -5.36746E-03   1.52631E-09  electron          298
   1.8075000E-01   9.0777247E-04   8.9324930E-02   2.5218997E-01   6.4308555E-03   6.0068876E-02  -5.36746E-03   1.51644E-09  electron          299
   1.8075000E-01   7.2704903E-04  -8.4693143E-02   2.5400881E-01   3.9442227E-03   4.3893536E-02  -5.36746E-03   1.51552E-09  electron          300
   1.8075000E-01   5.9238211E-04  -1.7526891E-01   2.5983158E-01   4.8750789E-03   3.0932776E-02  -5.36746E-03   1.51328E-09  electron          301
   1.8075000E-01   5.1034061E-04  -2.7183150E-01   2.7460662E-01   5.8855647E-03   2.2358327E-02  -5.36746E-03   1.50763E-09  electron          302
   1.8075000E-01   4.7220739E-04  -4.8283884E-01   2.8355461E-01   6.9518635E-03   1.8107111E-02  -5.36746E-03   1.50329E-09  electron          303
   1.8075000E-01   4.5892020E-04  -8.7394312E-01   2.9176552E-01   8.6118675E-03   1.6580381E-02  -5.36746E-03   1.49925E-09  electron          304
   1.8075000E-01   4.4209827E-04  -1.4887607E+00   3.0841699E-01   7.4917380E-03   1.4618992E-02  -5.36746E-03   1.49323E-09  electron          305
   1.8075000E-01   3.3084692E-04  -2.4605217E+00   3.4957894E-01   3.8961104E-03  -2.4595810E-04  -5.36746E-03   1.48314E-09  electron          306
   1.8075000E-01   3.5151848E-04   2.0819990E+00   4.1703435E-01   1.5348326E-02   2.7891631E-03  -5.36746E-03   1.47163E-09  electron          307
   1.8075000E-01   4.9754447E-04   2.3549910E+00   7.0046397E-01   2.1805631E-02   2.0971372E-02  -5.36746E-03   1.42796E-09  electron          308
   1.8075000E-01   1.6935582E-03  -1.9644738E+00   3.0793650E-01   4.4173249E-02   1.2546259E-01  -5.36746E-03   1.43084E-09  electron          309
   1.8075000E-01   2.0176668E-03  -6.7350952E-01   2.3633809E-01   2.9768129E-02   1.5210971E-01  -5.36746E-03   1.44494E-09  electron          310
   1.8075000E-01   1.9090453E-03  -4.1347616E-02   2.3593018E-01   2.7042444E-02   1.4318412E-01  -5.36746E-03   1.44763E-09  electron          311
   1.8075000E-01   1.8791470E-03   8.9835878E-01   2.2596234E-01   2.0395527E-02   1.4003900E-01  -5.77824E-03   1.53811E-09  electron          315
   1.8075000E-01   1.3333046E-03   3.3004995E-01   2.4088516E-01   1.6232197E-02   9.4845752E-02  -5.77824E-03   1.52750E-09  electron          316
   1.8075000E-01   1.4710149E-03   1.1291890E-01   2.3936765E-01   2.0737993E-02   1.0631188E-01  -5.77824E-03   1.52371E-09  electron          317
   1.8075000E-01   1.6586589E-03   2.4800934E-01   2.1041818E-01   1.3029139E-02   1.2187434E-01  -5.77824E-03   1.53406E-09  electron          318
   1.8075000E-01   1.5425414E-03   3.2330953E-01   1.9965184E-01   5.5797022E-03   1.1226585E-01  -5.77824E-03   1.53905E-09  electron          319
   1.8075000E-01   1.4227544E-03   3.3128336E-01   1.9943439E-01   3.7984294E-03   1.0231479E-01  -5.77824E-03   1.53980E-09  electron          320
   1.8075000E-01   1.3218854E-03   3.1175298E-01   2.0415282E-01   4.2182109E-03   9.3916958E-02  -5.77824E-03   1.53811E-09  electron          321
   1.8075000E-01   1.1185264E-03   2.2409803E-01   2.2396184E-01   7.0530755E-03   7.6870688E-02  -5.77824E-03   1.53000E-09  electron          322
   1.8075000E-01   9.5954114E-04   7.2432841E-02   2.4669725E-01   9.2070747E-03   6.3243206E-02  -5.77824E-03   1.51853E-09  electron          323
   1.8075000E-01   8.2471736E-04  -8.1929689E-02   2.5791467E-01   7.3085638E-03   5.1237150E-02  -5.77824E-03   1.51427E-09  electron          324
   1.8075000E-01   6.8576183E-04  -1.3830479E-01   2.6156506E-01   6.0843632E-03   3.8186883E-02  -5.77824E-03   1.51270E-09  electron          325
   1.8075000E-01   5.8945692E-04  -2.1804471E-01   2.7241775E-01   6.0900638E-03   2.8477282E-02  -5.77824E-03   1.50855E-09  electron          326
   1.8075000E-01   5.3900488E-04  -4.0806301E-01   2.7944640E-01   6.0840450E-03   2.3050954E-02  -5.77824E-03   1.50529E-09  electron          327
   1.8075000E-01   5.1808698E-04  -7.6669585E-01   2.8446931E-01   6.9703403E-03   2.0709203E-02  -5.77824E-03   1.50253E-09  electron          328
   1.8075000E-01   5.0149727E-04  -1.3632852E+00   2.9454435E-01   6.7644138E-03   1.8830977E-02  -5.77824E-03   1.49769E-09  electron          329
   1.8075000E-01   3.8048787E-04  -2.3421518E+00   3.2726032E-01   3.4859325E-03   3.4293539E-03  -5.77824E-03   1.48796E-09  electron          330
   1.8075000E-01   3.8709433E-04   2.1238340E+00   3.9755852E-01   1.6567341E-02   4.3614297E-03  -5.77824E-03   1.47437E-09  electron          331
   1.8075000E-01   4.9477591E-04   2.2263000E+00   7.1465660E-01   1.9989776E-02   1.8069286E-02  -5.77824E-03   1.42971E-09  electron          332
   1.8075000E-01   1.7158191E-03  -2.1014001E+00   3.1513077E-01   4.6608927E-02   1.2654521E-01  -5.77824E-03   1.43008E-09  electron          333
   1.8075000E-01   2.0703442E-03  -2.5400877E-02   2.2598731E-01   2.6769710E-02   1.5585062E-01  -5.77824E-03   1.44878E-09  electron          335
   1.8075000E-01   1.9117960E-03   9.5525804E-01   2.2135914E-01   1.8713181E-02   1.4195847E-01  -8.35222E-03   1.53880E-09  electron          339
   1.8075000E-01   1.2777196E-03   4.1329045E-01   2.4126133E-01   1.4631461E-02   8.9053936E-02  -8.35222E-03   1.52789E-09  electron          340
   1.8075000E-01   1.3903530E-03   1.2086413E-01   2.4257911E-01   2.0339665E-02   9.8545361E-02  -8.35222E-03   1.52336E-09  electron          341
   1.8075000E-01   1.4738222E-03   1.7890089E-01   2.2212661E-01   1.4876110E-02   1.0553876E-01  -8.35222E-03   1.53107E-09  electron          342
   1.8075000E-01   1.3814831E-03   2.0272079E-01   2.1172903E-01   9.1932586E-03   9.7801506E-02  -8.35222E-03   1.53597E-09  electron          343
   1.8075000E-01   1.3266426E-03   2.1654993E-01   2.0723124E-01   7.1821760E-03   9.3188778E-02  -8.35222E-03   1.53797E-09  electron          344
   1.8075000E-01   1.2854998E-03   2.2293328E-01   2.0693708E-01   6.6542267E-03   8.9714977E-02  -8.35222E-03   1.53798E-09  electron          345
   1.8075000E-01   1.1360117E-03   1.6253180E-01   2.2142866E-01   9.1322899E-03   7.7021578E-02  -8.35222E-03   1.53217E-09  electron          346
   1.8075000E-01   9.7009732E-04   1.0298463E-01   2.3890426E-01   1.0422894E-02   6.2582266E-02  -8.35222E-03   1.52209E-09  electron          347
   1.8075000E-01   8.9194914E-04  -1.0729011E-02   2.5795114E-01   1.0298294E-02   5.5587537E-02  -8.35222E-03   1.51441E-09  electron          348
   1.8075000E-01   7.8269743E-04  -7.0166852E-02   2.6251456E-01   7.9657011E-03   4.5453750E-02  -8.35222E-03   1.51243E-09  electron          349
   1.8075000E-01   6.8411864E-04  -1.4941383E-01   2.6958887E-01   6.8025350E-03   3.5832971E-02  -8.35222E-03   1.50962E-09  electron          350
   1.8075000E-01   6.2898055E-04  -3.2344195E-01   2.7441611E-01   5.9803452E-03   3.0176805E-02  -8.35222E-03   1.50744E-09  electron          351
   1.8075000E-01   6.0469712E-04  -6.3960262E-01   2.7659292E-01   5.9558924E-03   2.7581941E-02  -8.35222E-03   1.50616E-09  electron          352
   1.8075000E-01   5.8325573E-04  -1.2030712E+00   2.8219136E-01   5.9765026E-03   2.5247377E-02  -8.35222E-03   1.50297E-09  electron          353
   1.8075000E-01   4.5451478E-04  -2.1810854E+00   3.0486217E-01   3.2261998E-03   9.9411655E-03  -8.35222E-03   1.49376E-09  electron          354
   1.8075000E-01   4.2896200E-04   2.1860777E+00   3.7623297E-01   1.7011789E-02   6.4866435E-03  -8.35222E-03   1.47768E-09  electron          355
   1.8075000E-01   4.8593728E-04   2.0801430E+00   7.2451991E-01   1.6473072E-02   1.3950646E-02  -8.35222E-03   1.43239E-09  electron          356
   1.8075000E-01   1.7254868E-03  -2.2937872E+00   3.2612264E-01   4.9767107E-02   1.2647502E-01  -8.35222E-03   1.42905E-09  electron          357
   1.8075000E-01   2.0061714E-03   1.0292428E+00   2.1458367E-01   1.6956754E-02   1.4893851E-01  -6.75026E-03   1.53984E-09  electron          363
   1.8075000E-01   1.2867223E-03   5.2281579E-01   2.3898656E-01   1.3751965E-02   8.8468988E-02  -6.75026E-03   1.52882E-09  electron          364
   1.8075000E-01   1.3052760E-03   1.7292259E-01   2.4416168E-01   1.8529430E-02   9.0053233E-02  -6.75026E-03   1.52362E-09  electron          365
   1.8075000E-01   1.3672680E-03   1.6743288E-01   2.2661864E-01   1.4281698E-02   9.5329298E-02  -6.75026E-03   1.53041E-09  electron          366
   1.8075000E-01   1.3088853E-03   1.9274364E-01   2.1383804E-01   8.9574260E-03   9.0361546E-02  -6.75026E-03   1.53600E-09  electron          367
   1.8075000E-01   1.2616127E-03   2.3066821E-01   2.0807724E-01   6.6150561E-03   8.6306900E-02  -6.75026E-03   1.53843E-09  electron          368
   1.8075000E-01   1.2423067E-03   2.5181268E-01   2.0635072E-01   5.9506831E-03   8.4652931E-02  -6.75026E-03   1.53892E-09  electron          369
   1.8075000E-01   1.1271849E-03   2.0138321E-01   2.1867664E-01   8.7784298E-03   7.4734216E-02  -6.75026E-03   1.53397E-09  electron          370
   1.8075000E-01   9.6975318E-04   1.4756822E-01   2.3603347E-01   1.1437784E-02   6.0807580E-02  -6.75026E-03   1.52426E-09  electron          371
   1.8075000E-01   9.2212974E-04   1.0144818E-01   2.5418597E-01   1.1641312E-02   5.6436508E-02  -6.75026E-03   1.51592E-09  electron          372
   1.8075000E-01   8.5792550E-04   3.0742234E-02   2.6190202E-01   9.3699969E-03   5.0433884E-02  -6.75026E-03   1.51273E-09  electron          373
   1.8075000E-01   7.7828587E-04  -5.3541583E-02   2.6670393E-01   7.3986157E-03   4.2759977E-02  -6.75026E-03   1.51066E-09  electron          374
   1.8075000E-01   7.3140224E-04  -2.1856178E-01   2.6850737E-01   6.0944795E-03   3.8103565E-02  -6.75026E-03   1.50968E-09  electron          375
   1.8075000E-01   7.2528176E-04  -5.0365644E-01   2.6569020E-01   5.8188249E-03   3.7489750E-02  -6.75026E-03   1.51041E-09  electron          376
   1.8075000E-01   7.2893639E-04  -1.0114425E+00   2.6618995E-01   6.2905142E-03   3.7887973E-02  -6.75026E-03   1.50980E-09  electron          377
   1.8075000E-01   5.7185463E-04  -1.9378877E+00   2.8405078E-01   2.4753766E-03   2.0970765E-02  -6.75026E-03   1.50117E-09  electron          378
   1.8075000E-01   4.8001104E-04   2.2671544E+00   3.5139193E-01   1.7727046E-02   9.5437631E-03  -6.75026E-03   1.48210E-09  electron          379
   1.8075000E-01   4.5880693E-04   1.8442206E+00   7.1942751E-01   1.3481399E-02   6.7171792E-03  -6.75026E-03   1.43631E-09  electron          380
   1.8075000E-01   1.7229939E-03  -2.5127784E+00   3.4070896E-01   5.3239890E-02   1.2525459E-01  -6.75026E-03   1.42781E-09  electron          381
   1.8075000E-01   1.3987832E-03   6.2754551E-01   2.3388844E-01   1.4548779E-02   9.6843753E-02  -7.18420E-03   1.52993E-09  electron          388
   1.8075000E-01   1.3144313E-03   2.5470119E-01   2.4250149E-01   1.7671512E-02   8.9612348E-02  -7.18420E-03   1.52437E-09  electron          389
   1.8075000E-01   1.3540508E-03   2.4287977E-01   2.2460265E-01   1.2501214E-02   9.3039709E-02  -7.18420E-03   1.53155E-09  electron          390
   1.8075000E-01   1.3047467E-03   2.9185783E-01   2.0967851E-01   6.4059333E-03   8.8800547E-02  -7.18420E-03   1.53775E-09  electron          391
   1.8075000E-01   1.2484331E-03   3.3284612E-01   2.0584757E-01   4.4278676E-03   8.3934898E-02  -7.18420E-03   1.53941E-09  electron          392
   1.8075000E-01   1.2469000E-03   3.4450490E-01   2.0453164E-01   4.1133018E-03   8.3803495E-02  -7.18420E-03   1.53953E-09  electron          393
   1.8075000E-01   1.1719574E-03   3.0265775E-01   2.1413219E-01   6.7145971E-03   7.7273824E-02  -7.18420E-03   1.53553E-09  electron          394
   1.8075000E-01   1.0006082E-03   2.4685781E-01   2.3350488E-01   1.0374858E-02   6.1997929E-02  -7.18420E-03   1.52592E-09  electron          395
   1.8075000E-01   9.3366979E-04   2.1663425E-01   2.5130711E-01   1.1509975E-02   5.5835819E-02  -7.18420E-03   1.51713E-09  electron          396
   1.8075000E-01   9.0516546E-04   1.3634534E-01   2.6074781E-01   1.0070122E-02   5.3143189E-02  -7.18420E-03   1.51323E-09  electron          397
   1.8075000E-01   8.5620291E-04   3.4232731E-02   2.6376804E-01   7.8218852E-03   4.8444472E-02  -7.18420E-03   1.51167E-09  electron          398
   1.8075000E-01   8.2521377E-04  -1.3313444E-01   2.6292934E-01   6.2119025E-03   4.5404558E-02  -7.18420E-03   1.51161E-09  electron          399
   1.8075000E-01   8.4111619E-04  -3.9705644E-01   2.5523616E-01   5.3772129E-03   4.6933445E-02  -7.18420E-03   1.51397E-09  electron          400
   1.8075000E-01   8.9218621E-04  -8.4299802E-01   2.4584733E-01   5.0241275E-03   5.1849525E-02  -7.18420E-03   1.51672E-09  electron          401
   1.8075000E-01   7.4369991E-04  -1.7037837E+00   2.6647865E-01   4.0181456E-03   3.7248720E-02  -7.18420E-03   1.50895E-09  electron          402
   1.8075000E-01   5.2356326E-04   2.3805200E+00   3.2938060E-01   1.7302733E-02   1.2151251E-02  -7.18420E-03   1.48669E-09  electron          403
   1.8075000E-01   4.3761807E-04   1.5495070E+00   6.9721447E-01   1.4465979E-02   1.5987780E-04  -7.18420E-03   1.44054E-09  electron          404
   1.8075000E-01   1.7130092E-03  -2.7067404E+00   3.5597911E-01   5.6373359E-02   1.2350537E-01  -7.18420E-03   1.42669E-09  electron          405
   1.8075000E-01   1.6016042E-03   7.1496570E-01   2.2635295E-01   1.6133014E-02   1.1295619E-01  -1.02511E-02   1.53109E-09  electron          412
   1.8075000E-01   1.4014550E-03   3.8217857E-01   2.3754834E-01   1.7185913E-02   9.5739478E-02  -1.02511E-02   1.52580E-09  electron          413
   1.8075000E-01   1.4180779E-03   4.1739691E-01   2.1778507E-01   1.0057662E-02   9.7176956E-02  -1.02511E-02   1.53387E-09  electron          414
   1.8075000E-01   1.3622194E-03   5.3175226E-01   2.0330533E-01   3.1401870E-03   9.2322626E-02  -1.02511E-02   1.53984E-09  electron          415
   1.8075000E-01   1.2824721E-03   5.8671135E-01   2.0316459E-01   1.9732437E-03   8.5352779E-02  -1.02511E-02   1.54001E-09  electron          416
   1.8075000E-01   1.2682334E-03   5.6345842E-01   2.0386084E-01   2.3916417E-03   8.4101751E-02  -1.02511E-02   1.53940E-09  electron          417
   1.8075000E-01   1.2368346E-03   4.8290866E-01   2.1044534E-01   4.8247268E-03   8.1343100E-02  -1.02511E-02   1.53646E-09  electron          418
   1.8075000E-01   1.0846603E-03   4.0020435E-01   2.2950051E-01   8.6736612E-03   6.7763493E-02  -1.02511E-02   1.52773E-09  electron          419
   1.8075000E-01   9.8227551E-04   3.5369370E-01   2.4735837E-01   1.0691720E-02   5.8356398E-02  -1.02511E-02   1.51864E-09  electron          420
   1.8075000E-01   9.6133891E-04   2.6138148E-01   2.5842523E-01   1.0154008E-02   5.6413028E-02  -1.02511E-02   1.51411E-09  electron          421
   1.8075000E-01   9.4586030E-04   1.2646802E-01   2.5980345E-01   8.2265511E-03   5.4938156E-02  -1.02511E-02   1.51298E-09  electron          422
   1.8075000E-01   9.3815793E-04  -4.9023646E-02   2.5602842E-01   6.4511383E-03   5.4198159E-02  -1.02511E-02   1.51385E-09  electron          423
   1.8075000E-01   9.8621680E-04  -2.9419100E-01   2.4259498E-01   4.9871156E-03   5.8705616E-02  -1.02511E-02   1.51799E-09  electron          424
   1.8075000E-01   1.1211635E-03  -6.7667401E-01   2.2268629E-01   3.0682086E-03   7.1058714E-02  -1.02511E-02   1.52490E-09  electron          425
   1.8075000E-01   1.0550597E-03  -1.4262937E+00   2.2885261E-01   3.1012538E-03   6.5058803E-02  -1.02511E-02   1.52188E-09  electron          426
   1.8075000E-01   5.7652171E-04   2.5991248E+00   3.0337783E-01   1.4914140E-02   1.5500011E-02  -1.02511E-02   1.49320E-09  electron          427
   1.8075000E-01   4.4412028E-04   1.2391295E+00   6.5115239E-01   1.7364626E-02  -3.1211709E-03  -1.02511E-02   1.44637E-09  electron          428
   1.8075000E-01   1.6909379E-03  -2.9367894E+00   3.7772063E-01   6.0035941E-02   1.2052777E-01  -1.02511E-02   1.42535E-09  electron          429
   1.8075000E-01   1.7953506E-03   7.6559067E-01   2.1823700E-01   1.6156910E-02   1.2832901E-01  -8.21165E-03   1.53234E-09  electron          436
   1.8075000E-01   1.5635105E-03   4.5483300E-01   2.2997914E-01   1.7831119E-02   1.0843611E-01  -8.21165E-03   1.52761E-09  electron          437
   1.8075000E-01   1.6011566E-03   5.0433599E-01   2.0976917E-01   1.0047843E-02   1.1169423E-01  -8.21165E-03   1.53552E-09  electron          438
   1.8075000E-01   1.5514172E-03   6.4373799E-01   1.9661675E-01   2.4143273E-03   1.0741842E-01  -8.21165E-03   1.54087E-09  electron          439
   1.8075000E-01   1.4711436E-03   7.1722980E-01   1.9681629E-01   1.1239541E-03   1.0046169E-01  -8.21165E-03   1.54095E-09  electron          440
   1.8075000E-01   1.4446548E-03   7.0797364E-01   1.9722098E-01   1.1783684E-03   9.8149923E-02  -8.21165E-03   1.54063E-09  electron          441
   1.8075000E-01   1.3929351E-03   6.3017830E-01   2.0280603E-01   3.4314958E-03   9.3609690E-02  -8.21165E-03   1.53833E-09  electron          442
   1.8075000E-01   1.2159625E-03   5.2334122E-01   2.2328894E-01   8.1494358E-03   7.7908627E-02  -8.21165E-03   1.53006E-09  electron          443
   1.8075000E-01   1.0659219E-03   4.5897940E-01   2.4247061E-01   1.0571715E-02   6.4222220E-02  -8.21165E-03   1.52043E-09  electron          444
   1.8075000E-01   1.0219454E-03   3.6276668E-01   2.5587319E-01   1.0499753E-02   6.0088212E-02  -8.21165E-03   1.51504E-09  electron          445
   1.8075000E-01   1.0253168E-03   2.1453142E-01   2.5605547E-01   8.5856202E-03   6.0407325E-02  -8.21165E-03   1.51419E-09  electron          446
   1.8075000E-01   1.0426293E-03   2.8283780E-02   2.4922658E-01   6.6297241E-03   6.2065096E-02  -8.21165E-03   1.51595E-09  electron          447
   1.8075000E-01   1.1199279E-03  -2.1327685E-01   2.3234992E-01   4.9087678E-03   6.9228335E-02  -8.21165E-03   1.52132E-09  electron          448
   1.8075000E-01   1.3700489E-03  -5.5800752E-01   2.0602437E-01   1.7446921E-03   9.1586553E-02  -8.21165E-03   1.53144E-09  electron          449
   1.8075000E-01   1.5190004E-03  -1.1679100E+00   1.9048301E-01  -2.8209730E-03   1.0460438E-01  -8.21165E-03   1.53688E-09  electron          450
   1.8075000E-01   6.6258442E-04   2.9352274E+00   2.8063640E-01   1.1239639E-02   2.2862687E-02  -8.21165E-03   1.50130E-09  electron          451
   1.8075000E-01   4.7644785E-04   1.0858054E+00   5.8472901E-01   1.8130409E-02  -2.2172927E-03  -8.21165E-03   1.45328E-09  electron          452
   1.8075000E-01   1.6497913E-03   3.1310108E+00   4.0373632E-01   6.3111965E-02   1.1585278E-01  -8.21165E-03   1.42410E-09  electron          453
   1.8075000E-01   2.0013827E-03   8.4198203E-01   2.0574123E-01   1.3538881E-02   1.4485622E-01  -8.67079E-03   1.53477E-09  electron          460
   1.8075000E-01   1.7350267E-03   5.2831141E-01   2.2179221E-01   1.6995919E-02   1.2207636E-01  -8.67079E-03   1.52945E-09  electron          461
   1.8075000E-01   1.7893458E-03   5.6579653E-01   2.0193502E-01   9.4929761E-03   1.2675490E-01  -8.67079E-03   1.53688E-09  electron          462
   1.8075000E-01   1.7371851E-03   6.9354490E-01   1.9050715E-01   1.9884848E-03   1.2229297E-01  -8.67079E-03   1.54155E-09  electron          463
   1.8075000E-01   1.6550732E-03   7.7334017E-01   1.9093831E-01   6.6159269E-04   1.1521653E-01  -8.67079E-03   1.54166E-09  electron          464
   1.8075000E-01   1.6318316E-03   7.8591557E-01   1.9019079E-01  -4.0180113E-06   1.1319936E-01  -8.67079E-03   1.54191E-09  electron          465
   1.8075000E-01   1.5745760E-03   7.4077728E-01   1.9447808E-01   1.7797725E-03   1.0821904E-01  -8.67079E-03   1.54025E-09  electron          466
   1.8075000E-01   1.3634003E-03   6.3691130E-01   2.1642651E-01   7.9547704E-03   8.9630775E-02  -8.67079E-03   1.53203E-09  electron          467
   1.8075000E-01   1.1463754E-03   5.4766160E-01   2.3878203E-01   1.0703543E-02   7.0015045E-02  -8.67079E-03   1.52174E-09  electron          468
   1.8075000E-01   1.0655319E-03   4.3707165E-01   2.5467301E-01   1.0875896E-02   6.2457816E-02  -8.67079E-03   1.51552E-09  electron          469
   1.8075000E-01   1.0822123E-03   2.8324027E-01   2.5362070E-01   9.0483268E-03   6.4021211E-02  -8.67079E-03   1.51500E-09  electron          470
   1.8075000E-01   1.1218194E-03   9.6762315E-02   2.4409478E-01   6.9097828E-03   6.7682190E-02  -8.67079E-03   1.51755E-09  electron          471
   1.8075000E-01   1.2231248E-03  -1.5253232E-01   2.2538422E-01   4.8414025E-03   7.6987778E-02  -8.67079E-03   1.52379E-09  electron          472
   1.8075000E-01   1.5762710E-03  -4.8127846E-01   1.9201355E-01  -1.0767958E-03   1.0835718E-01  -8.67079E-03   1.53662E-09  electron          473
   1.8075000E-01   8.6376518E-04  -2.9182711E+00   2.5574877E-01   8.8740718E-03   4.2514153E-02  -8.67079E-03   1.51230E-09  electron          475
   1.8075000E-01   5.3480275E-04   1.0136468E+00   5.0583676E-01   1.9266321E-02   2.8884516E-03  -8.67079E-03   1.46110E-09  electron          476
   1.8075000E-01   1.5907326E-03   2.9482069E+00   4.3090783E-01   6.4977101E-02   1.0957786E-01  -8.67079E-03   1.42317E-09  electron          477
   1.8075000E-01   1.9214240E-03   6.0977771E-01   2.1124427E-01   1.4283218E-02   1.3701369E-01  -9.13435E-03   1.53181E-09  electron          485
   1.8075000E-01   1.9761100E-03   6.0698688E-01   1.9323948E-01   7.7489313E-03   1.4170765E-01  -9.13435E-03   1.53818E-09  electron          486
   1.8075000E-01   1.9177968E-03   7.1142055E-01   1.8428994E-01   1.1267247E-03   1.3668253E-01  -9.13435E-03   1.54214E-09  electron          487
   1.8075000E-01   1.8292974E-03   7.9394700E-01   1.8541244E-01   7.3468570E-05   1.2905742E-01  -9.13435E-03   1.54213E-09  electron          488
   1.8075000E-01   1.8120529E-03   8.2847406E-01   1.8390829E-01  -1.2295017E-03   1.2756530E-01  -9.13435E-03   1.54264E-09  electron          489
   1.8075000E-01   1.7565426E-03   8.1295071E-01   1.8768805E-01   3.8974047E-04   1.2277205E-01  -9.13435E-03   1.54125E-09  electron          490
   1.8075000E-01   1.5194240E-03   7.3259984E-01   2.1053245E-01   7.8226349E-03   1.0204877E-01  -9.13435E-03   1.53320E-09  electron          491
   1.8075000E-01   1.2289725E-03   6.3056748E-01   2.3650213E-01   1.1009270E-02   7.5903488E-02  -9.13435E-03   1.52234E-09  electron          492
   1.8075000E-01   1.1083771E-03   4.9903010E-01   2.5383826E-01   1.0919074E-02   6.4645916E-02  -9.13435E-03   1.51581E-09  electron          493
   1.8075000E-01   1.1276944E-03   3.4094452E-01   2.5205928E-01   9.2739085E-03   6.6487593E-02  -9.13435E-03   1.51554E-09  electron          494
   1.8075000E-01   1.1874268E-03   1.5372124E-01   2.4039869E-01   7.2066023E-03   7.2096279E-02  -9.13435E-03   1.51875E-09  electron          495
   1.8075000E-01   1.3050990E-03  -9.6764650E-02   2.2084889E-01   4.7853442E-03   8.2885768E-02  -9.13435E-03   1.52551E-09  electron          496
   1.8075000E-01   1.7262418E-03  -4.1098823E-01   1.8062282E-01  -5.0293085E-03   1.2015948E-01  -9.13435E-03   1.54048E-09  electron          497
   1.8075000E-01   1.3433849E-03  -2.4186331E+00   2.0434544E-01   1.5297629E-03   8.6313706E-02  -9.13435E-03   1.53115E-09  electron          499
   1.8075000E-01   6.1635450E-04   9.8056355E-01   4.2180005E-01   1.8799143E-02   1.0772153E-02  -9.13435E-03   1.47063E-09  electron          500
   1.8075000E-01   1.5419793E-03   2.7839530E+00   4.6131570E-01   6.6833654E-02   1.0397704E-01  -9.13435E-03   1.42250E-09  electron          501
   1.8075000E-01   2.0533941E-03   8.3649242E-01   1.7483932E-01  -4.1397904E-03   1.4720925E-01  -1.29134E-02   1.54371E-09  electron          512
   1.8075000E-01   2.0147638E-03   8.8446402E-01   1.7525094E-01  -4.5352295E-03   1.4387987E-01  -1.29134E-02   1.54362E-09  electron          513
   1.8075000E-01   1.9321440E-03   8.8984658E-01   1.8147921E-01  -1.5037645E-03   1.3673802E-01  -1.29134E-02   1.54157E-09  electron          514
   1.8075000E-01   1.6507912E-03   8.3108236E-01   2.0730555E-01   7.3033355E-03   1.1221652E-01  -1.29134E-02   1.53310E-09  electron          515
   1.8075000E-01   1.3008957E-03   7.3160974E-01   2.3561188E-01   1.0498019E-02   8.0731433E-02  -1.29134E-02   1.52218E-09  electron          516
   1.8075000E-01   1.1314206E-03   5.7542132E-01   2.5438394E-01   9.8245737E-03   6.4817028E-02  -1.29134E-02   1.51561E-09  electron          517
   1.8075000E-01   1.1491579E-03   3.9895571E-01   2.5197544E-01   8.9174555E-03   6.6500070E-02  -1.29134E-02   1.51568E-09  electron          518
   1.8075000E-01   1.2318153E-03   2.0610317E-01   2.3849053E-01   7.3196564E-03   7.4337151E-02  -1.29134E-02   1.51949E-09  electron          519
   1.8075000E-01   1.3672323E-03  -4.4835763E-02   2.1846808E-01   4.8666608E-03   8.6881081E-02  -1.29134E-02   1.52654E-09  electron          520
   1.8075000E-01   1.8308547E-03  -3.4690153E-01   1.7335641E-01  -8.2129526E-03   1.2800137E-01  -1.29134E-02   1.54284E-09  electron          521
   1.8075000E-01   7.1932472E-04   1.0444627E+00   3.4918107E-01   1.6597337E-02   2.0658937E-02  -1.29134E-02   1.48166E-09  electron          524
   1.8075000E-01   1.5200936E-03   2.6297587E+00   4.9738881E-01   6.9661426E-02   1.0051763E-01  -1.29134E-02   1.42212E-09  electron          525
   1.8075000E-01   1.9584635E-03   9.6765431E-01   1.8722575E-01   1.2115024E-03   1.3767911E-01  -1.02495E-02   1.53851E-09  electron          538
   1.8075000E-01   1.6725463E-03   9.4072046E-01   2.1069504E-01   7.2844638E-03   1.1257588E-01  -1.02495E-02   1.53090E-09  electron          539
   1.8075000E-01   1.3331132E-03   8.3491982E-01   2.3680287E-01   9.2383904E-03   8.1760901E-02  -1.02495E-02   1.52137E-09  electron          540
   1.8075000E-01   1.1571225E-03   6.5726046E-01   2.5364726E-01   8.0737450E-03   6.5067502E-02  -1.02495E-02   1.51576E-09  electron          541
   1.8075000E-01   1.1585853E-03   4.6589395E-01   2.5141219E-01   7.4820911E-03   6.5223598E-02  -1.02495E-02   1.51602E-09  electron          542
   1.8075000E-01   1.2496390E-03   2.6607368E-01   2.3752745E-01   6.7727661E-03   7.3942889E-02  -1.02495E-02   1.52012E-09  electron          543
   1.8075000E-01   1.4136923E-03   9.5238946E-03   2.1711437E-01   4.8640392E-03   8.9189401E-02  -1.02495E-02   1.52740E-09  electron          544
   1.8075000E-01   1.9184182E-03  -2.8642808E-01   1.6885424E-01  -1.0406587E-02   1.3418612E-01  -1.02495E-02   1.54431E-09  electron          545
   1.8075000E-01   8.6007400E-04   1.2480179E+00   2.9454502E-01   1.3431996E-02   3.3979965E-02  -1.02495E-02   1.49382E-09  electron          548
   1.8075000E-01   1.5092484E-03   2.4492270E+00   5.4105231E-01   7.3118227E-02   9.7805361E-02  -1.02495E-02   1.42211E-09  electron          549
   1.8075000E-01   1.9537974E-03   1.1303416E+00   1.9028883E-01   3.4037564E-04   1.3618157E-01  -1.07114E-02   1.53670E-09  electron          562
   1.8075000E-01   1.6733414E-03   1.0752468E+00   2.1218523E-01   5.3039731E-03   1.1138029E-01  -1.07114E-02   1.52965E-09  electron          563
   1.8075000E-01   1.3662705E-03   9.4483491E-01   2.3516183E-01   6.9921372E-03   8.3252732E-02  -1.07114E-02   1.52157E-09  electron          564
   1.8075000E-01   1.1932994E-03   7.4408153E-01   2.5007384E-01   6.2605818E-03   6.6708163E-02  -1.07114E-02   1.51677E-09  electron          565
   1.8075000E-01   1.1882858E-03   5.3187377E-01   2.4817220E-01   6.3976073E-03   6.6258586E-02  -1.07114E-02   1.51712E-09  electron          566
   1.8075000E-01   1.2886588E-03   3.2831080E-01   2.3421357E-01   6.0402784E-03   7.5980441E-02  -1.07114E-02   1.52140E-09  electron          567
   1.8075000E-01   1.4723746E-03   7.5779135E-02   2.1424209E-01   4.2386306E-03   9.3169655E-02  -1.07114E-02   1.52871E-09  electron          568
   1.8075000E-01   1.9707005E-03  -2.3081088E-01   1.6619026E-01  -1.2199046E-02   1.3769013E-01  -1.07114E-02   1.54519E-09  electron          569
   1.8075000E-01   1.0344032E-03   1.5089375E+00   2.6535759E-01   1.3036349E-02   5.0676621E-02  -1.07114E-02   1.50371E-09  electron          572
   1.8075000E-01   1.4835378E-03   2.2872419E+00   5.7950788E-01   7.4383844E-02   9.4083509E-02  -1.07114E-02   1.42245E-09  electron          573
   1.8075000E-01   1.9646704E-03   1.3765461E+00   1.8869496E-01  -4.0572591E-03   1.3567883E-01  -1.51195E-02   1.53620E-09  electron          586
   1.8075000E-01   1.6825771E-03   1.2569240E+00   2.1131825E-01   1.4628604E-03   1.1051162E-01  -1.51195E-02   1.52927E-09  electron          587
   1.8075000E-01   1.4484777E-03   1.0974384E+00   2.2737321E-01   3.0442750E-03   8.8985362E-02  -1.51195E-02   1.52373E-09  electron          588
   1.8075000E-01   1.3059837E-03   8.9539417E-01   2.3654177E-01   2.9019106E-03   7.5417414E-02  -1.51195E-02   1.52082E-09  electron          589
   1.8075000E-01   1.3026637E-03   6.8260257E-01   2.3395183E-01   3.3809581E-03   7.5053305E-02  -1.51195E-02   1.52170E-09  electron          590
   1.8075000E-01   1.4348274E-03   4.8925705E-01   2.2019054E-01   2.6312843E-03   8.7645113E-02  -1.51195E-02   1.52649E-09  electron          591
   1.8075000E-01   1.6610500E-03   2.5020068E-01   2.0008274E-01  -7.7818818E-04   1.0855210E-01  -1.51195E-02   1.53406E-09  electron          592
   1.8075000E-01   1.5912294E-03   2.0327802E+00   2.1351553E-01   1.4665611E-02   1.0214248E-01  -1.51195E-02   1.52286E-09  electron          596
   1.8075000E-01   1.4068806E-03   2.0279871E+00   6.3233863E-01   7.1940695E-02   8.4978306E-02  -1.51195E-02   1.42356E-09  electron          597
   1.8075000E-01   1.7852514E-03   1.4191049E+00   2.0190768E-01  -3.6407391E-03   1.1825990E-01  -1.19740E-02   1.53196E-09  electron          611
   1.8075000E-01   1.6008878E-03   1.2471378E+00   2.1401077E-01  -1.3494190E-03   1.0145208E-01  -1.19740E-02   1.52806E-09  electron          612
   1.8075000E-01   1.5001716E-03   1.0510468E+00   2.1840336E-01  -1.0392827E-03   9.2100112E-02  -1.19740E-02   1.52673E-09  electron          613
   1.8075000E-01   1.5421197E-03   8.6547896E-01   2.1216970E-01  -1.9769555E-03   9.6018902E-02  -1.19740E-02   1.52916E-09  electron          614
   1.8075000E-01   1.8146899E-03   7.5501679E-01   1.8600795E-01  -9.4133791E-03   1.2089488E-01  -1.19740E-02   1.53786E-09  electron          615
   1.8075000E-01   1.2681254E-03   1.7423118E+00   6.8443105E-01   6.1108257E-02   6.9515604E-02  -1.19740E-02   1.42591E-09  electron          621
   1.8075000E-01   2.0422389E-03   1.5874962E+00   1.7493445E-01  -1.4459815E-02   1.4006605E-01  -1.25251E-02   1.53924E-09  electron          635
   1.8075000E-01   1.9096400E-03   1.4173952E+00   1.8548829E-01  -1.1220260E-02   1.2814988E-01  -1.25251E-02   1.53658E-09  electron          636
   1.8075000E-01   1.8984706E-03   1.2640844E+00   1.8155493E-01  -1.3499988E-02   1.2709839E-01  -1.25251E-02   1.53808E-09  electron          637
   1.8075000E-01   1.1250770E-03   1.4658891E+00   7.2264519E-01   4.4801196E-02   5.2683838E-02  -1.25251E-02   1.42979E-09  electron          645
   1.8075000E-01   8.9560514E-04   9.9324009E-01   7.2097320E-01   2.0885239E-02   2.3165100E-02  -1.78661E-02   1.43759E-09  electron          669
   1.8075000E-01   1.9249122E-03  -1.0861761E+00   2.1211872E-01  -1.9938622E-02   1.2780337E-01  -1.78661E-02   1.43727E-09  electron          671
   1.8075000E-01   2.0751456E-03  -3.7389887E-01   1.9363522E-01  -1.8035619E-02   1.4149827E-01  -1.78661E-02   1.44197E-09  electron          672
   1.8075000E-01   7.3349474E-04   3.4278985E-01   5.8885277E-01   6.4321633E-03  -4.0060390E-03  -1.45378E-02   1.45310E-09  electron          693
   1.8075000E-01   1.6986336E-03  -1.4456974E+00   2.3046492E-01  -2.2652770E-02   1.0491448E-01  -1.45378E-02   1.43312E-09  electron          695
   1.8075000E-01   1.8643520E-03  -6.9511307E-01   1.9889723E-01  -2.7024303E-02   1.2052189E-01  -1.45378E-02   1.44062E-09  electron          696
   1.8075000E-01   1.8703823E-03  -7.0672035E-01   1.9537310E-01  -2.5620137E-02   1.1931461E-01  -2.21295E-02   1.52923E-09  electron          697
   1.8075000E-01   2.0059617E-03  -7.5599044E-02   1.9299636E-01  -1.4800073E-02   1.3182782E-01  -2.21295E-02   1.53105E-09  electron          698
   1.8075000E-01   8.5950599E-04  -1.9682341E-01   2.8995784E-01   1.4328619E-02   1.0892262E-02  -2.21295E-02   1.49433E-09  electron          717
   1.8075000E-01   1.4574998E-03  -2.0141498E+00   2.6091229E-01  -2.0591651E-02   7.9515921E-02  -2.21295E-02   1.42676E-09  electron          719
   1.8075000E-01   1.4579926E-03  -1.2519117E+00   2.1179949E-01  -3.6288653E-02   7.9597392E-02  -2.21295E-02   1.43860E-09  electron          720
 
